Time;Power;
0;1.4120668610090314e-012;
0.0001;1.4278486162519477e-012;
0.00020000000000000001;1.3900939861005712e-012;
0.00030000000000000003;1.4255699485460349e-012;
0.00040000000000000002;1.8558379659416868e-012;
0.00050000000000000001;1.6168305843472508e-012;
0.00060000000000000006;1.7146435096412893e-012;
0.0007000000000000001;1.4239496083992553e-012;
0.00080000000000000015;1.2873884900829746e-012;
0.00090000000000000019;1.5230217260964185e-012;
0.0010000000000000002;1.6127281801670001e-012;
0.0011000000000000003;1.4403255064326936e-012;
0.0012000000000000003;1.4531224530947573e-012;
0.0013000000000000004;1.4856300868323902e-012;
0.0014000000000000004;1.4697537891600332e-012;
0.0015000000000000005;1.2846424228205033e-012;
0.0016000000000000005;1.4094523074700827e-012;
0.0017000000000000006;1.5792195025635114e-012;
0.0018000000000000006;1.4369815016720966e-012;
0.0019000000000000006;1.2768369261201284e-012;
0.0020000000000000005;1.4925245284472255e-012;
0.0021000000000000003;1.2778736402374591e-012;
0.0022000000000000001;1.4220239569207038e-012;
0.0023;1.4646878545090947e-012;
0.0023999999999999998;1.3555346081717268e-012;
0.0024999999999999996;1.5249693868790715e-012;
0.0025999999999999994;1.297606878718216e-012;
0.0026999999999999993;1.6820850268217669e-012;
0.0027999999999999991;1.1583412180826702e-012;
0.0028999999999999989;1.3261801596123335e-012;
0.0029999999999999988;1.2062878907564967e-012;
0.0030999999999999986;1.8550382584192615e-012;
0.0031999999999999984;1.5968800717511278e-012;
0.0032999999999999982;1.476477468932702e-012;
0.0033999999999999981;1.260473604831891e-012;
0.0034999999999999979;1.5122200366923799e-012;
0.0035999999999999977;1.4772355430917039e-012;
0.0036999999999999976;1.5091089185584328e-012;
0.0037999999999999974;1.3321440305025245e-012;
0.0038999999999999972;1.6718231616794088e-012;
0.0039999999999999975;1.250689872847599e-012;
0.0040999999999999977;1.2608445103950983e-012;
0.004199999999999998;1.4311383024837032e-012;
0.0042999999999999983;1.4385209603368088e-012;
0.0043999999999999985;1.3892721608538272e-012;
0.0044999999999999988;1.3456857156368685e-012;
0.0045999999999999991;1.326476146805422e-012;
0.0046999999999999993;1.2550426193094766e-012;
0.0047999999999999996;1.4469816404100166e-012;
0.0048999999999999998;1.1965565257371358e-012;
0.0050000000000000001;1.3746520198185119e-012;
0.0051000000000000004;1.3844332581378072e-012;
0.0052000000000000006;1.3320169620079092e-012;
0.0053000000000000009;1.2474506020168641e-012;
0.0054000000000000012;1.215330678976112e-012;
0.0055000000000000014;1.4400616116239107e-012;
0.0056000000000000017;1.2794086536732641e-012;
0.0057000000000000019;1.1593286010011528e-012;
0.0058000000000000022;1.1971185761433523e-012;
0.0059000000000000025;1.3836564272812213e-012;
0.0060000000000000027;1.3673062248392709e-012;
0.006100000000000003;1.748436139793752e-012;
0.0062000000000000033;1.1763365889011501e-012;
0.0063000000000000035;1.1739503683397268e-012;
0.0064000000000000038;1.4105412801321271e-012;
0.006500000000000004;1.2906373018928274e-012;
0.0066000000000000043;1.2683942438029838e-012;
0.0067000000000000046;1.2579212844976428e-012;
0.0068000000000000048;1.3993656493987983e-012;
0.0069000000000000051;1.4447758310900949e-012;
0.0070000000000000053;1.5348161110095848e-012;
0.0071000000000000056;1.7504742230375903e-012;
0.0072000000000000059;1.4978628146838924e-012;
0.0073000000000000061;1.539774167544361e-012;
0.0074000000000000064;1.3601517915434735e-012;
0.0075000000000000067;1.2762567695376315e-012;
0.0076000000000000069;1.1251003384157854e-012;
0.0077000000000000072;1.3983242732121259e-012;
0.0078000000000000074;1.5658318825578776e-012;
0.0079000000000000077;1.195232714884531e-012;
0.0080000000000000071;1.6398634837197501e-012;
0.0081000000000000065;1.3647764559102105e-012;
0.0082000000000000059;1.1629655571887554e-012;
0.0083000000000000053;1.1954331838662235e-012;
0.0084000000000000047;1.2346175514224567e-012;
0.0085000000000000041;1.4955288526671828e-012;
0.0086000000000000035;1.4408099279633602e-012;
0.0087000000000000029;1.4452610115622821e-012;
0.0088000000000000023;1.3994523855725971e-012;
0.0089000000000000017;1.2731087885298198e-012;
0.0090000000000000011;1.2129052102960447e-012;
0.0091000000000000004;1.4942280269006347e-012;
0.0091999999999999998;1.5517244607299308e-012;
0.0092999999999999992;1.4502933359458736e-012;
0.0093999999999999986;1.4196626730092476e-012;
0.009499999999999998;1.4848701695296951e-012;
0.0095999999999999974;1.2724879743658546e-012;
0.0096999999999999968;1.0693066440983778e-012;
0.0097999999999999962;1.1590917028264647e-012;
0.0098999999999999956;1.4220239569207038e-012;
0.009999999999999995;1.584295086613785e-012;
0.010099999999999994;1.4272347409818864e-012;
0.010199999999999994;1.3405835686333689e-012;
0.010299999999999993;1.4675751933146408e-012;
0.010399999999999993;1.1512842545621793e-012;
0.010499999999999992;1.502176313027126e-012;
0.010599999999999991;1.1478621872451633e-012;
0.010699999999999991;1.4451287388972389e-012;
0.01079999999999999;1.1724405083943235e-012;
0.01089999999999999;1.1951927078243663e-012;
0.010999999999999989;1.4760317534195933e-012;
0.011099999999999988;1.4273223445174232e-012;
0.011199999999999988;1.5810180855474476e-012;
0.011299999999999987;1.6288885388085483e-012;
0.011399999999999987;1.3605366833147059e-012;
0.011499999999999986;1.4823231617860921e-012;
0.011599999999999985;1.6324021127889221e-012;
0.011699999999999985;1.3282934864869422e-012;
0.011799999999999984;1.563353938492662e-012;
0.011899999999999984;1.6291227264778052e-012;
0.011999999999999983;1.3259689570291333e-012;
0.012099999999999982;1.5893786937601351e-012;
0.012199999999999982;1.4732249708354628e-012;
0.012299999999999981;1.4572823199901497e-012;
0.01239999999999998;1.6439532027345827e-012;
0.01249999999999998;1.4434534297003143e-012;
0.012599999999999979;1.4135058141323542e-012;
0.012699999999999979;1.3398190976815494e-012;
0.012799999999999978;1.2104419029601576e-012;
0.012899999999999977;1.4592319323367131e-012;
0.012999999999999977;1.3195134004537201e-012;
0.013099999999999976;1.7930064984822414e-012;
0.013199999999999976;1.3833543685559668e-012;
0.013299999999999975;1.5898412144069174e-012;
0.013399999999999974;1.3313395524905403e-012;
0.013499999999999974;1.4066663415676639e-012;
0.013599999999999973;1.4676640978927846e-012;
0.013699999999999973;1.0829310538584824e-012;
0.013799999999999972;1.0399206452557652e-012;
0.013899999999999971;1.5240181078929327e-012;
0.013999999999999971;1.3236467043958866e-012;
0.01409999999999997;1.6142659041082363e-012;
0.01419999999999997;1.9537026076793529e-012;
0.014299999999999969;1.3640908064563306e-012;
0.014399999999999968;1.4822334982664276e-012;
0.014499999999999968;1.5043802792033545e-012;
0.014599999999999967;1.5441476222677331e-012;
0.014699999999999967;1.2995717783154115e-012;
0.014799999999999966;1.3604083137774836e-012;
0.014899999999999965;1.3685078461070366e-012;
0.014999999999999965;1.2059254419702348e-012;
0.015099999999999964;1.6470593335385364e-012;
0.015199999999999964;1.4693090494288796e-012;
0.015299999999999963;1.3745657173255821e-012;
0.015399999999999962;1.461537271416069e-012;
0.015499999999999962;1.3252087144657865e-012;
0.015599999999999961;1.362677223663844e-012;
0.015699999999999961;1.4612266474936519e-012;
0.01579999999999996;1.3968930179242278e-012;
0.015899999999999959;1.5570301124812058e-012;
0.015999999999999959;1.4156875541640468e-012;
0.016099999999999958;1.5010972066048511e-012;
0.016199999999999957;1.3179967100346301e-012;
0.016299999999999957;1.3199770053026749e-012;
0.016399999999999956;1.5680824694275231e-012;
0.016499999999999956;1.2050392151144451e-012;
0.016599999999999955;1.2904289182352757e-012;
0.016699999999999954;1.339097452715543e-012;
0.016799999999999954;1.3605366833147059e-012;
0.016899999999999953;1.5384999047310388e-012;
0.016999999999999953;1.506901374515035e-012;
0.017099999999999952;1.298819125167272e-012;
0.017199999999999951;1.167163045899533e-012;
0.017299999999999951;1.1506940148994782e-012;
0.01739999999999995;1.5416411636853811e-012;
0.01749999999999995;1.2242042232366024e-012;
0.017599999999999949;1.3892721608538272e-012;
0.017699999999999948;1.5145220147450011e-012;
0.017799999999999948;1.2567282284270398e-012;
0.017899999999999947;1.2639358960495062e-012;
0.017999999999999947;1.3177439825082238e-012;
0.018099999999999946;1.2664529798131485e-012;
0.018199999999999945;1.3927335847097044e-012;
0.018299999999999945;1.267031184831735e-012;
0.018399999999999944;1.3095865537826601e-012;
0.018499999999999944;1.2016184488400361e-012;
0.018599999999999943;1.4584784118268357e-012;
0.018699999999999942;1.790060179078512e-012;
0.018799999999999942;1.2701716848445566e-012;
0.018899999999999941;1.2642246190880391e-012;
0.018999999999999941;1.3304509403899711e-012;
0.01909999999999994;1.4918523231002845e-012;
0.019199999999999939;1.158617689636654e-012;
0.019299999999999939;1.5693229051330637e-012;
0.019399999999999938;1.5275979266260453e-012;
0.019499999999999938;1.3158916230965323e-012;
0.019599999999999937;1.2464265730649515e-012;
0.019699999999999936;1.3826207973660631e-012;
0.019799999999999936;1.511543494536749e-012;
0.019899999999999935;1.3829658989175653e-012;
0.019999999999999934;1.4577254334180445e-012;
0.020099999999999934;1.4156875541640468e-012;
0.020199999999999933;1.3863764736915529e-012;
0.020299999999999933;1.1111348386522168e-012;
0.020399999999999932;1.3661484053392736e-012;
0.020499999999999931;1.3266029984596028e-012;
0.020599999999999931;1.1122953686576453e-012;
0.02069999999999993;1.329266124255879e-012;
0.02079999999999993;1.366791554067992e-012;
0.020899999999999929;1.3463240938760279e-012;
0.020999999999999928;1.4373771270448366e-012;
0.021099999999999928;1.6275775215415789e-012;
0.021199999999999927;1.5909052504189947e-012;
0.021299999999999927;1.3108044380830131e-012;
0.021399999999999926;1.3510959928977884e-012;
0.021499999999999925;1.4690421188540137e-012;
0.021599999999999925;1.3502860938749417e-012;
0.021699999999999924;1.3505417487472138e-012;
0.021799999999999924;1.4892094718846338e-012;
0.021899999999999923;1.3491779308344443e-012;
0.021999999999999922;1.1019500199480059e-012;
0.022099999999999922;1.3534424232394815e-012;
0.022199999999999921;1.3786980454857933e-012;
0.022299999999999921;1.4689533226960871e-012;
0.02239999999999992;1.4313137263952114e-012;
0.022499999999999919;1.4939142587919174e-012;
0.022599999999999919;1.3458561522183832e-012;
0.022699999999999918;1.7683819903205333e-012;
0.022799999999999918;1.5961847728979128e-012;
0.022899999999999917;1.3021243154900941e-012;
0.022999999999999916;1.7491638562919243e-012;
0.023099999999999916;1.2577155029253051e-012;
0.023199999999999915;1.7200281997309386e-012;
0.023299999999999915;1.2939737172382171e-012;
0.023399999999999914;1.3829658989175653e-012;
0.023499999999999913;1.2452800292675481e-012;
0.023599999999999913;1.4429246643007931e-012;
0.023699999999999912;1.6684568223540586e-012;
0.023799999999999912;1.2207967926489149e-012;
0.023899999999999911;1.7327541311507044e-012;
0.02399999999999991;1.2814428337892814e-012;
0.02409999999999991;1.2922215381072633e-012;
0.024199999999999909;1.3675637228552362e-012;
0.024299999999999908;1.5110472552024024e-012;
0.024399999999999908;1.5863738274390915e-012;
0.024499999999999907;1.3918244811880753e-012;
0.024599999999999907;1.5325443821975759e-012;
0.024699999999999906;1.4510446880514061e-012;
0.024799999999999905;1.2747237076657369e-012;
0.024899999999999905;1.612681451053366e-012;
0.024999999999999904;1.6283265968225491e-012;
0.025099999999999904;1.3108465051273055e-012;
0.025199999999999903;1.6693098726233702e-012;
0.025299999999999902;1.4260518764117047e-012;
0.025399999999999902;1.3492630407049844e-012;
0.025499999999999901;1.3519916523124786e-012;
0.025599999999999901;1.4237746181686162e-012;
0.0256999999999999;1.1852665116746097e-012;
0.025799999999999899;1.2571394663110635e-012;
0.025899999999999899;1.2612150906976538e-012;
0.025999999999999898;1.4170410721561777e-012;
0.026099999999999898;1.4252194259836704e-012;
0.026199999999999897;1.0715459552654294e-012;
0.026299999999999896;1.3873701449826359e-012;
0.026399999999999896;1.7096992224741037e-012;
0.026499999999999895;1.5114533973362154e-012;
0.026599999999999895;1.2647608654825504e-012;
0.026699999999999894;1.275096673213072e-012;
0.026799999999999893;1.3407961806793933e-012;
0.026899999999999893;1.6479069627969856e-012;
0.026999999999999892;1.7014582017610413e-012;
0.027099999999999892;1.1943905066369442e-012;
0.027199999999999891;1.1938693306526305e-012;
0.02729999999999989;1.2302191600491175e-012;
0.02739999999999989;1.3365088116085166e-012;
0.027499999999999889;1.2884292157483435e-012;
0.027599999999999889;1.6203311479015547e-012;
0.027699999999999888;1.2398000378069374e-012;
0.027799999999999887;1.3892287927669278e-012;
0.027899999999999887;1.6299186392926268e-012;
0.027999999999999886;1.3824484092206379e-012;
0.028099999999999885;1.270047543695807e-012;
0.028199999999999885;1.3185443405519526e-012;
0.028299999999999884;1.3815859263924257e-012;
0.028399999999999884;1.4232056288684958e-012;
0.028499999999999883;1.303422430751211e-012;
0.028599999999999882;1.2272503976604177e-012;
0.028699999999999882;1.4095830622520844e-012;
0.028799999999999881;1.3407961806793933e-012;
0.028899999999999881;1.2868887813016761e-012;
0.02899999999999988;1.5268724869524353e-012;
0.029099999999999879;1.7100348914667052e-012;
0.029199999999999879;1.2889706663132827e-012;
0.029299999999999878;1.7034687462696985e-012;
0.029399999999999878;1.763262929763143e-012;
0.029499999999999877;1.2667419196921159e-012;
0.029599999999999876;1.465709172955576e-012;
0.029699999999999876;1.4852724085356872e-012;
0.029799999999999875;1.5155152523552151e-012;
0.029899999999999875;1.1314132139852995e-012;
0.029999999999999874;1.1601188759646774e-012;
0.030099999999999873;1.4220239569207038e-012;
0.030199999999999873;1.3205673533855933e-012;
0.030299999999999872;1.3685936064988802e-012;
0.030399999999999872;1.5622991181990509e-012;
0.030499999999999871;1.1395053737400795e-012;
0.03059999999999987;1.3343043033312019e-012;
0.03069999999999987;1.6566307787374557e-012;
0.030799999999999869;1.26847675158831e-012;
0.030899999999999869;1.6640526847092052e-012;
0.030999999999999868;1.4115002569536905e-012;
0.031099999999999867;1.4889411318469437e-012;
0.031199999999999867;1.6398634837197501e-012;
0.03129999999999987;1.4528126965340782e-012;
0.031399999999999872;1.4390491836352437e-012;
0.031499999999999875;1.0783546364884211e-012;
0.031599999999999878;1.4373771270448366e-012;
0.031699999999999881;1.2596910277037909e-012;
0.031799999999999884;1.3396494200415554e-012;
0.031899999999999887;1.4237746181686162e-012;
0.03199999999999989;1.0740540401510401e-012;
0.032099999999999893;1.6611199178326319e-012;
0.032199999999999895;1.2029458375598101e-012;
0.032299999999999898;1.7056242486088169e-012;
0.032399999999999901;1.1805183566804267e-012;
0.032499999999999904;1.5133932518632265e-012;
0.032599999999999907;1.2341691254039167e-012;
0.03269999999999991;1.5842027125886893e-012;
0.032799999999999913;1.3288432854086096e-012;
0.032899999999999915;1.2605149129346627e-012;
0.032999999999999918;1.6685515816239338e-012;
0.033099999999999921;1.3944226632742196e-012;
0.033199999999999924;1.3790427133564265e-012;
0.033299999999999927;1.5895635502305439e-012;
0.03339999999999993;1.636670399901563e-012;
0.033499999999999933;1.2979830968720685e-012;
0.033599999999999935;1.054336414181567e-012;
0.033699999999999938;1.4064485253512116e-012;
0.033799999999999941;1.3471758431027325e-012;
0.033899999999999944;1.4132006112207995e-012;
0.033999999999999947;1.4100619543516713e-012;
0.03409999999999995;1.4270156237228271e-012;
0.034199999999999953;1.3789565192837139e-012;
0.034299999999999956;1.1697011631853216e-012;
0.034399999999999958;1.8664481852420645e-012;
0.034499999999999961;1.3672204644474273e-012;
0.034599999999999964;1.3185865160164623e-012;
0.034699999999999967;1.4231178084925244e-012;
0.03479999999999997;1.2076583223025183e-012;
0.034899999999999973;1.538954944382831e-012;
0.034999999999999976;1.3975869073146185e-012;
0.035099999999999978;1.3639195025130779e-012;
0.035199999999999981;1.2100785868121577e-012;
0.035299999999999984;1.5504907470778595e-012;
0.035399999999999987;1.3881914281282937e-012;
0.03549999999999999;1.5582665366387083e-012;
0.035599999999999993;1.6206114141631422e-012;
0.035699999999999996;1.5045153707940462e-012;
0.035799999999999998;1.6583314582652164e-012;
0.035900000000000001;1.7110425489658132e-012;
0.036000000000000004;1.0751567821806751e-012;
0.036100000000000007;1.4963815776758427e-012;
0.03620000000000001;1.8266659886079228e-012;
0.036300000000000013;1.5267818476508155e-012;
0.036400000000000016;1.3373149159237596e-012;
0.036500000000000019;1.4467610052679158e-012;
0.036600000000000021;1.227616099053197e-012;
0.036700000000000024;1.542415826137622e-012;
0.036800000000000027;1.2595264458140076e-012;
0.03690000000000003;1.3069010934216307e-012;
0.037000000000000033;9.5396834962763188e-013;
0.037100000000000036;1.1688283804364707e-012;
0.037200000000000039;1.3417733720974545e-012;
0.037300000000000041;1.2669897683087461e-012;
0.037400000000000044;1.1622140966630057e-012;
0.037500000000000047;1.4297780624381029e-012;
0.03760000000000005;1.5583580433020661e-012;
0.037700000000000053;1.1598816525293376e-012;
0.037800000000000056;1.6349812129168306e-012;
0.037900000000000059;1.2785373888074547e-012;
0.038000000000000062;1.2780394147496321e-012;
0.038100000000000064;1.4381251181236343e-012;
0.038200000000000067;1.4911354486238371e-012;
0.03830000000000007;1.1996487787532817e-012;
0.038400000000000073;1.244706811578955e-012;
0.038500000000000076;1.4677974547600003e-012;
0.038600000000000079;1.2548371629977906e-012;
0.038700000000000082;1.4626461933980872e-012;
0.038800000000000084;1.209311839035776e-012;
0.038900000000000087;1.3434313340596193e-012;
0.03900000000000009;1.4612710997827238e-012;
0.039100000000000093;1.3571584177654583e-012;
0.039200000000000096;1.1903444809696628e-012;
0.039300000000000099;1.1620163381867443e-012;
0.039400000000000102;1.2401268163417245e-012;
0.039500000000000104;1.3762009110421247e-012;
0.039600000000000107;1.4267090113484482e-012;
0.03970000000000011;1.8310322875969565e-012;
0.039800000000000113;1.4455257737328031e-012;
0.039900000000000116;1.5528215649082688e-012;
0.040000000000000119;1.4121540308636993e-012;
0.040100000000000122;1.4986259845931049e-012;
0.040200000000000125;1.2984846487970603e-012;
0.040300000000000127;1.4826357372724197e-012;
0.04040000000000013;1.3073205712421654e-012;
0.040500000000000133;1.2398816782305255e-012;
0.040600000000000136;1.5309098390023368e-012;
0.040700000000000139;1.2297714929720982e-012;
0.040800000000000142;1.451088706659609e-012;
0.040900000000000145;1.3910024391008968e-012;
0.041000000000000147;1.5007826795546131e-012;
0.04110000000000015;1.1332870406000062e-012;
0.041200000000000153;1.3659340585697732e-012;
0.041300000000000156;1.1297358448042472e-012;
0.041400000000000159;1.216099269896187e-012;
0.041500000000000162;1.5170512415729753e-012;
0.041600000000000165;1.3509683823020868e-012;
0.041700000000000167;1.6284203803104691e-012;
0.04180000000000017;1.5276885659276651e-012;
0.041900000000000173;1.2116125160457902e-012;
0.042000000000000176;1.5271445132775119e-012;
0.042100000000000179;1.5204874035182336e-012;
0.042200000000000182;1.2537688985972406e-012;
0.042300000000000185;1.1915055530761776e-012;
0.042400000000000188;1.3411783619451945e-012;
0.04250000000000019;1.2059254419702348e-012;
0.042600000000000193;1.7278797750236441e-012;
0.042700000000000196;1.103067181866535e-012;
0.042800000000000199;1.4057526843969104e-012;
0.042900000000000202;1.2148049493426738e-012;
0.043000000000000205;9.6738058102258107e-013;
0.043100000000000208;1.1634008643610083e-012;
0.04320000000000021;1.2686834005223857e-012;
0.043300000000000213;1.2773345749172993e-012;
0.043400000000000216;1.3955492577516493e-012;
0.043500000000000219;1.315092349254976e-012;
0.043600000000000222;1.2699647106498291e-012;
0.043700000000000225;1.3891423818537807e-012;
0.043800000000000228;1.4579024836328114e-012;
0.043900000000000231;1.3263492951512412e-012;
0.044000000000000233;1.5168252938402293e-012;
0.044100000000000236;1.5962774721836603e-012;
0.044200000000000239;1.5515873091551113e-012;
0.044300000000000242;1.4102800958287753e-012;
0.044400000000000245;1.5179100381138011e-012;
0.044500000000000248;1.4170845486632944e-012;
0.044600000000000251;1.3163968613089105e-012;
0.044700000000000253;1.2473276534905042e-012;
0.044800000000000256;1.7368614142407313e-012;
0.044900000000000259;1.1176411358893024e-012;
0.045000000000000262;1.3511815364491975e-012;
0.045100000000000265;1.3960260898671084e-012;
0.045200000000000268;1.4645103706134588e-012;
0.045300000000000271;1.4569723465890361e-012;
0.045400000000000273;1.7206058626484388e-012;
0.045500000000000276;1.2419660569071289e-012;
0.045600000000000279;1.6444235296370069e-012;
0.045700000000000282;1.4005810400341545e-012;
0.045800000000000285;1.1762172182419595e-012;
0.045900000000000288;1.1716462218827606e-012;
0.046000000000000291;1.3967629136635296e-012;
0.046100000000000294;1.1910650417334967e-012;
0.046200000000000296;1.2467132361193567e-012;
0.046300000000000299;1.4007984225697379e-012;
0.046400000000000302;1.3051821992973722e-012;
0.046500000000000305;1.0682067209943913e-012;
0.046600000000000308;1.5462909815425196e-012;
0.046700000000000311;1.4286813919406338e-012;
0.046800000000000314;1.3315935810595536e-012;
0.046900000000000316;1.7879010988722244e-012;
0.047000000000000319;1.1927874053047072e-012;
0.047100000000000322;1.5159219365901144e-012;
0.047200000000000325;1.3716854258341571e-012;
0.047300000000000328;1.3608790743607768e-012;
0.047400000000000331;1.4685533605146572e-012;
0.047500000000000334;1.4131568094530311e-012;
0.047600000000000336;1.434168105454714e-012;
0.047700000000000339;1.3918244811880753e-012;
0.047800000000000342;1.2624516232753735e-012;
0.047900000000000345;1.5516787073982519e-012;
0.048000000000000348;1.2469998991737619e-012;
0.048100000000000351;1.4484825014773883e-012;
0.048200000000000354;1.0838093660384129e-012;
0.048300000000000357;1.5557031574423008e-012;
0.048400000000000359;1.4008851587435367e-012;
0.048500000000000362;1.5028059092286883e-012;
0.048600000000000365;1.2217698640987207e-012;
0.048700000000000368;1.3562181976414789e-012;
0.048800000000000371;1.2753449555105711e-012;
0.048900000000000374;1.3347705102653706e-012;
0.049000000000000377;1.0795740386718156e-012;
0.049100000000000379;1.5384542598195772e-012;
0.049200000000000382;1.3097125380751029e-012;
0.049300000000000385;1.2679396378320607e-012;
0.049400000000000388;1.1171759047370888e-012;
0.049500000000000391;1.3307046436983327e-012;
0.049600000000000394;1.4973241830446016e-012;
0.049700000000000397;1.5401384594743162e-012;
0.0498000000000004;1.5453788422548076e-012;
0.049900000000000402;1.0791167221954612e-012;
0.050000000000000405;1.7014582017610413e-012;
0.050100000000000408;1.4892543578545747e-012;
0.050200000000000411;1.2708744646927617e-012;
0.050300000000000414;1.3199770053026749e-012;
0.050400000000000417;1.5652351376821416e-012;
0.05050000000000042;1.3045116202536899e-012;
0.050600000000000422;1.1815150637375926e-012;
0.050700000000000425;1.4486149909828661e-012;
0.050800000000000428;1.295476421449282e-012;
0.050900000000000431;1.3271099713954571e-012;
0.051000000000000434;1.3981943857918622e-012;
0.051100000000000437;1.5171868752647533e-012;
0.05120000000000044;1.5144314838635986e-012;
0.051300000000000442;1.5135739883653798e-012;
0.051400000000000445;1.3400739936123007e-012;
0.051500000000000448;1.6726770793104584e-012;
0.051600000000000451;1.1493563262590656e-012;
0.051700000000000454;1.4247816251464207e-012;
0.051800000000000457;1.4726907844250792e-012;
0.05190000000000046;1.2965205081413855e-012;
0.052000000000000463;1.4483059933637077e-012;
0.052100000000000465;1.3011616523811442e-012;
0.052200000000000468;1.2277788377992871e-012;
0.052300000000000471;1.2418434336414208e-012;
0.052400000000000474;1.3688082785290323e-012;
0.052500000000000477;1.2960612401011207e-012;
0.05260000000000048;1.4743830071758945e-012;
0.052700000000000483;1.2903454346679943e-012;
0.052800000000000485;1.4460549728131933e-012;
0.052900000000000488;1.3513519730307122e-012;
0.053000000000000491;1.297397952959578e-012;
0.053100000000000494;1.2964788747779621e-012;
0.053200000000000497;1.3536986202128398e-012;
0.0533000000000005;1.3375695950140765e-012;
0.053400000000000503;1.4914040055019617e-012;
0.053500000000000505;1.5020413298566515e-012;
0.053600000000000508;1.3791287990089218e-012;
0.053700000000000511;1.563262323409087e-012;
0.053800000000000514;1.1776103096133861e-012;
0.053900000000000517;1.1792034362856363e-012;
0.05400000000000052;1.3351944333148125e-012;
0.054100000000000523;1.6720127886393765e-012;
0.054200000000000526;1.391305256767672e-012;
0.054300000000000528;1.3865491870976299e-012;
0.054400000000000531;1.355406455474939e-012;
0.054500000000000534;1.3121489571971123e-012;
0.054600000000000537;1.379473466879555e-012;
0.05470000000000054;1.3631054835219758e-012;
0.054800000000000543;1.1025663888830639e-012;
0.054900000000000546;1.2921381629601991e-012;
0.055000000000000548;1.910054579778997e-012;
0.055100000000000551;1.5037953521312986e-012;
0.055200000000000554;1.0759938946780512e-012;
0.055300000000000557;1.3027103267643225e-012;
0.05540000000000056;1.5724958227908425e-012;
0.055500000000000563;1.4796887673473869e-012;
0.055600000000000566;1.5791273453788501e-012;
0.055700000000000569;1.3050981736290046e-012;
0.055800000000000571;1.3416881538066971e-012;
0.055900000000000574;1.1624117467190498e-012;
0.056000000000000577;1.5512217161825492e-012;
0.05610000000000058;1.1465654814468706e-012;
0.056200000000000583;1.3219165345690342e-012;
0.056300000000000586;1.3649480851141149e-012;
0.056400000000000589;1.3692804485751497e-012;
0.056500000000000591;1.111831113287387e-012;
0.056600000000000594;1.454980558777963e-012;
0.056700000000000597;1.4631785366647776e-012;
0.0568000000000006;1.4724681977190679e-012;
0.056900000000000603;1.2951423787599392e-012;
0.057000000000000606;1.0833511822003206e-012;
0.057100000000000609;1.2349028050140376e-012;
0.057200000000000611;1.4353106377040792e-012;
0.057300000000000614;1.2111280945151237e-012;
0.057400000000000617;1.5060006193501341e-012;
0.05750000000000062;1.1034140181415131e-012;
0.057600000000000623;1.3684218688747585e-012;
0.057700000000000626;1.3966328094028313e-012;
0.057800000000000629;1.267692006055865e-012;
0.057900000000000632;1.326138092568041e-012;
0.058000000000000634;1.2782055145224569e-012;
0.058100000000000637;1.5081625184820702e-012;
0.05820000000000064;1.4204494785258204e-012;
0.058300000000000643;1.6576226068848454e-012;
0.058400000000000646;1.2944328768582647e-012;
0.058500000000000649;1.2920130460294943e-012;
0.058600000000000652;1.4201436250929622e-012;
0.058700000000000654;1.3194714418296449e-012;
0.058800000000000657;1.5288677442104603e-012;
0.05890000000000066;1.344749832321579e-012;
0.059000000000000663;1.5541017908335397e-012;
0.059100000000000666;1.3627201580698745e-012;
0.059200000000000669;1.643388875503804e-012;
0.059300000000000672;1.6346525912383503e-012;
0.059400000000000674;1.6087238962833594e-012;
0.059500000000000677;1.4592319323367131e-012;
0.05960000000000068;1.5160121422108652e-012;
0.059700000000000683;1.4626461933980872e-012;
0.059800000000000686;1.414814771415196e-012;
0.059900000000000689;1.4498515235605858e-012;
0.060000000000000692;1.5663830909423693e-012;
0.060100000000000695;1.3184179225786408e-012;
0.060200000000000697;1.2541385031178409e-012;
0.0603000000000007;1.1776103096133861e-012;
0.060400000000000703;1.434168105454714e-012;
0.060500000000000706;1.5148829456482216e-012;
0.060600000000000709;1.2721154424993886e-012;
0.060700000000000712;1.6856077081003895e-012;
0.060800000000000715;1.5853112008898385e-012;
0.060900000000000717;1.3829658989175653e-012;
0.06100000000000072;1.4792425097331918e-012;
0.061100000000000723;1.3356608570894157e-012;
0.061200000000000726;1.4548034001429788e-012;
0.061300000000000729;1.2091100690114764e-012;
0.061400000000000732;1.5807415055732466e-012;
0.061500000000000735;1.5051902866464184e-012;
0.061600000000000737;1.5096043989512586e-012;
0.06170000000000074;1.0917297881690713e-012;
0.061800000000000743;1.1969178903212252e-012;
0.061900000000000746;1.44213157041162e-012;
0.062000000000000749;1.5990135647861448e-012;
0.062100000000000752;1.4447319209021092e-012;
0.062200000000000755;1.4036219018673246e-012;
0.062300000000000758;1.4617145384712704e-012;
0.06240000000000076;1.5694608156494039e-012;
0.062500000000000763;1.472557210717429e-012;
0.062600000000000766;1.3360847801388576e-012;
0.062700000000000769;1.058446407777025e-012;
0.062800000000000772;1.1770529212765113e-012;
0.062900000000000775;1.2312773413694633e-012;
0.063000000000000778;1.2398000378069374e-012;
0.06310000000000078;1.2636059733284188e-012;
0.063200000000000783;1.4695759800037456e-012;
0.063300000000000786;1.4828590829199517e-012;
0.063400000000000789;1.6043528268047669e-012;
0.063500000000000792;1.3472609529732726e-012;
0.063600000000000795;1.3148398385690041e-012;
0.063700000000000798;1.2291614124096406e-012;
0.063800000000000801;1.2179609534465619e-012;
0.063900000000000803;1.541368053158132e-012;
0.064000000000000806;1.4688644181179433e-012;
0.064100000000000809;1.1642320137464357e-012;
0.064200000000000812;1.5165994545277006e-012;
0.064300000000000815;1.2397590549648174e-012;
0.064400000000000818;1.3095865537826601e-012;
0.064500000000000821;1.5213468505803629e-012;
0.064600000000000823;1.3291816649066424e-012;
0.064700000000000826;1.8163178209726349e-012;
0.064800000000000829;1.4404138689097512e-012;
0.064900000000000832;1.4296904589025661e-012;
0.065000000000000835;1.6000807449845222e-012;
0.065100000000000838;1.412546512050139e-012;
0.065200000000000841;1.4244747959316073e-012;
0.065300000000000843;1.6488960804389441e-012;
0.065400000000000846;1.5951190021623596e-012;
0.065500000000000849;1.3483256395066534e-012;
0.065600000000000852;1.3981943857918622e-012;
0.065700000000000855;1.5866508410941615e-012;
0.065800000000000858;1.5632163532369736e-012;
0.065900000000000861;1.5203063417554286e-012;
0.066000000000000864;1.7545052867148914e-012;
0.066100000000000866;1.570196338403218e-012;
0.066200000000000869;1.6323084377212194e-012;
0.066300000000000872;1.2742268178100868e-012;
0.066400000000000875;1.7112824829065842e-012;
0.066500000000000878;1.3654193877984944e-012;
0.066600000000000881;1.5264646100951462e-012;
0.066700000000000884;1.2313586565323997e-012;
0.066800000000000886;1.3008685925339214e-012;
0.066900000000000889;1.4186575091751363e-012;
0.067000000000000892;1.4544494081336623e-012;
0.067100000000000895;1.3659766677151519e-012;
0.067200000000000898;1.2856406477607107e-012;
0.067300000000000901;1.4661978228747152e-012;
0.067400000000000904;1.3230134219069378e-012;
0.067500000000000906;1.3226759097706431e-012;
0.067600000000000909;1.4401495404200992e-012;
0.067700000000000912;1.622853869516494e-012;
0.067800000000000915;1.3583978776890437e-012;
0.067900000000000918;1.073293689167476e-012;
0.068000000000000921;1.3374422012588094e-012;
0.068100000000000924;1.4303044425928446e-012;
0.068200000000000927;1.0937239612249239e-012;
0.068300000000000929;1.3522050233000238e-012;
0.068400000000000932;1.2120568220960748e-012;
0.068500000000000935;1.4315771875231253e-012;
0.068600000000000938;1.3881046919544948e-012;
0.068700000000000941;1.5755334320174952e-012;
0.068800000000000944;1.4829930903084709e-012;
0.068900000000000947;1.4853171860854109e-012;
0.069000000000000949;1.4126770499917063e-012;
0.069100000000000952;1.3119806890199426e-012;
0.069200000000000955;1.3235621366264327e-012;
0.069300000000000958;1.4535646991609141e-012;
0.069400000000000961;1.2122992497018426e-012;
0.069500000000000964;1.3678212208712015e-012;
0.069600000000000967;1.4123282621528177e-012;
0.06970000000000097;1.2920130460294943e-012;
0.069800000000000972;1.4589215252547305e-012;
0.069900000000000975;1.3005337909030579e-012;
0.070000000000000978;1.1157415052628905e-012;
0.070100000000000981;1.5518616123047502e-012;
0.070200000000000984;1.4727351282939338e-012;
0.070300000000000987;1.2454847266377134e-012;
0.07040000000000099;1.154987563922738e-012;
0.070500000000000992;1.2193379986258357e-012;
0.070600000000000995;1.5858191496076479e-012;
0.070700000000000998;1.2558646613966551e-012;
0.070800000000001001;1.4149454177769805e-012;
0.070900000000001004;1.529775329849048e-012;
0.071000000000001007;1.6866081014449419e-012;
0.07110000000000101;1.4546705853768493e-012;
0.071200000000001012;1.1758194244648745e-012;
0.071300000000001015;1.5803724431537325e-012;
0.071400000000001018;1.3141667658603251e-012;
0.071500000000001021;1.3790858646028914e-012;
0.071600000000001024;1.298819125167272e-012;
0.071700000000001027;1.5644551626392555e-012;
0.07180000000000103;1.5444665945468783e-012;
0.071900000000001033;1.2772930499740931e-012;
0.072000000000001035;1.7557689243469232e-012;
0.072100000000001038;1.4709104160376407e-012;
0.072200000000001041;1.7202208624569892e-012;
0.072300000000001044;1.5933589083555466e-012;
0.072400000000001047;1.2201888804908023e-012;
0.07250000000000105;1.2984846487970603e-012;
0.072600000000001053;1.4913594447926726e-012;
0.072700000000001055;1.4398853203506645e-012;
0.072800000000001058;1.4908215720949025e-012;
0.072900000000001061;1.2914709449432515e-012;
0.073000000000001064;1.544056440865027e-012;
0.073100000000001067;1.5877141181647181e-012;
0.07320000000000107;1.4353546563122821e-012;
0.073300000000001073;1.4721120373054064e-012;
0.073400000000001075;1.4118489363723619e-012;
0.073500000000001078;1.4428363018237356e-012;
0.073600000000001081;1.4306114886480925e-012;
0.073700000000001084;1.2894703750945813e-012;
0.073800000000001087;1.162767798712494e-012;
0.07390000000000109;1.3125691939591677e-012;
0.074000000000001093;1.2745581499939984e-012;
0.074100000000001096;1.563262323409087e-012;
0.074200000000001098;1.4542725747593299e-012;
0.074300000000001101;1.5609239161634703e-012;
0.074400000000001104;1.2485573555945373e-012;
0.074500000000001107;1.4159492805684848e-012;
0.07460000000000111;9.4275000132870712e-013;
0.074700000000001113;1.3613499433642873e-012;
0.074800000000001116;1.5229762980253914e-012;
0.074900000000001118;1.3129473636769307e-012;
0.075000000000001121;1.4063615723369782e-012;
0.075100000000001124;1.4170845486632944e-012;
0.075200000000001127;1.4474229106942182e-012;
0.07530000000000113;1.4505141879284089e-012;
0.075400000000001133;1.4062746193227449e-012;
0.075500000000001136;1.2247319044339511e-012;
0.075600000000001139;1.0458025504617163e-012;
0.075700000000001141;1.4608276610941773e-012;
0.075800000000001144;1.4353106377040792e-012;
0.075900000000001147;1.808662377852932e-012;
0.07600000000000115;1.5174578173876574e-012;
0.076100000000001153;1.4022747806680114e-012;
0.076200000000001156;1.1299307843548601e-012;
0.076300000000001159;1.4988956256734021e-012;
0.076400000000001161;1.4739822860529439e-012;
0.076500000000001164;1.4829483127587473e-012;
0.076600000000001167;1.603330857836982e-012;
0.07670000000000117;1.2956017552204213e-012;
0.076800000000001173;1.3418583735477774e-012;
0.076900000000001176;1.7449452256387832e-012;
0.077000000000001179;9.8135898279200218e-013;
0.077100000000001181;1.141621194279685e-012;
0.077200000000001184;1.3386303784196363e-012;
0.077300000000001187;1.1108255157724067e-012;
0.07740000000000119;1.2882627907148669e-012;
0.077500000000001193;1.4176961471087934e-012;
0.077600000000001196;1.3652906930006203e-012;
0.077700000000001199;1.1313351514288805e-012;
0.077800000000001202;1.3060625714614305e-012;
0.077900000000001204;1.0798409692466815e-012;
0.078000000000001207;1.4011454756851505e-012;
0.07810000000000121;1.3054754759850296e-012;
0.078200000000001213;1.392300662782231e-012;
0.078300000000001216;1.2611327997527622e-012;
0.078400000000001219;1.1677575139507068e-012;
0.078500000000001222;1.2957270889915606e-012;
0.078600000000001224;1.5241536331644934e-012;
0.078700000000001227;1.44213157041162e-012;
0.07880000000000123;1.2986935745556982e-012;
0.078900000000001233;1.3664054696743699e-012;
0.079000000000001236;1.4428363018237356e-012;
0.079100000000001239;1.7948739283041304e-012;
0.079200000000001242;1.4278486162519477e-012;
0.079300000000001244;1.0578804542429876e-012;
0.079400000000001247;1.20515999523646e-012;
0.07950000000000125;1.152111175559134e-012;
0.079600000000001253;1.7204614469190638e-012;
0.079700000000001256;1.6303870146311406e-012;
0.079800000000001259;1.1548692774657199e-012;
0.079900000000001262;1.3592533132031348e-012;
0.080000000000001265;1.4620695062625422e-012;
0.080100000000001267;1.7491638562919243e-012;
0.08020000000000127;1.2539742464887094e-012;
0.080300000000001273;1.4756751593250628e-012;
0.080400000000001276;1.3840448969196228e-012;
0.080500000000001279;1.4083637684889072e-012;
0.080600000000001282;1.2733157627245473e-012;
0.080700000000001285;1.1560523588763361e-012;
0.080800000000001287;1.0290250639435894e-012;
0.08090000000000129;1.3670917696495533e-012;
0.081000000000001293;1.1652217819096977e-012;
0.081100000000001296;1.2589499755188971e-012;
0.081200000000001299;1.437289198248648e-012;
0.081300000000001302;1.5082978269131964e-012;
0.081400000000001305;1.5683578567793344e-012;
0.081500000000001308;1.2736885114314478e-012;
0.08160000000000131;1.5799573021418878e-012;
0.081700000000001313;1.419094442650648e-012;
0.081800000000001316;1.1317254642109753e-012;
0.081900000000001319;1.4662423835840044e-012;
0.082000000000001322;1.5157863028983365e-012;
0.082100000000001325;9.7366927888364874e-013;
0.082200000000001328;1.4668199380812874e-012;
0.08230000000000133;1.3208623647967266e-012;
0.082400000000001333;1.3044696616296148e-012;
0.082500000000001336;1.5120846198410365e-012;
0.082600000000001339;1.2246912468524829e-012;
0.082700000000001342;1.4442468488501392e-012;
0.082800000000001345;1.5022213074172841e-012;
0.082900000000001348;1.4485707555342286e-012;
0.08300000000000135;1.4161678557264579e-012;
0.083100000000001353;1.5777447707684966e-012;
0.083200000000001356;1.1420915211821092e-012;
0.083300000000001359;1.1826717990354174e-012;
0.083400000000001362;1.5409123629850363e-012;
0.083500000000001365;1.3921707753619672e-012;
0.083600000000001368;1.3377816649590146e-012;
0.083700000000001371;1.5207586709017895e-012;
0.083800000000001373;1.6784231339841971e-012;
0.083900000000001376;1.3612643998128782e-012;
0.084000000000001379;1.4579024836328114e-012;
0.084100000000001382;1.4541397599932004e-012;
0.084200000000001385;1.4285500950575458e-012;
0.084300000000001388;1.3869811332431481e-012;
0.084400000000001391;1.4735368958004869e-012;
0.084500000000001393;1.6403801060549394e-012;
0.084600000000001396;1.268848849773907e-012;
0.084700000000001399;1.7458176831269823e-012;
0.084800000000001402;1.3603657046321049e-012;
0.084900000000001405;1.7410219316574271e-012;
0.085000000000001408;1.0526041843705869e-012;
0.085100000000001411;1.3863332140248708e-012;
0.085200000000001413;1.6855125151496453e-012;
0.085300000000001416;1.2495411606458506e-012;
0.085400000000001419;1.6732939903466026e-012;
0.085500000000001422;1.3501581580185884e-012;
0.085600000000001425;1.2360854527437848e-012;
0.085700000000001428;1.5261925837700696e-012;
0.085800000000001431;1.3476867191664077e-012;
0.085900000000001434;1.3836996869479035e-012;
0.086000000000001436;1.1899041864674165e-012;
0.086100000000001439;1.4458786815399471e-012;
0.086200000000001442;1.2888456578027951e-012;
0.086300000000001445;1.2610504003876533e-012;
0.086400000000001448;1.6260335092277423e-012;
0.086500000000001451;1.4176961471087934e-012;
0.086600000000001454;1.3488370576714148e-012;
0.086700000000001456;1.41241564884792e-012;
0.086800000000001459;1.4457463004546867e-012;
0.086900000000001462;1.2481882931750232e-012;
0.087000000000001465;1.2180015026078128e-012;
0.087100000000001468;1.3360847801388576e-012;
0.087200000000001471;1.3829658989175653e-012;
0.087300000000001474;1.409277967760747e-012;
0.087400000000001477;1.4249566153770599e-012;
0.087500000000001479;1.422724134683695e-012;
0.087600000000001482;1.5544218473148574e-012;
0.087700000000001485;1.1495528921129372e-012;
0.087800000000001488;1.5533700627873293e-012;
0.087900000000001491;1.4281993556547468e-012;
0.088000000000001494;1.1767743897383998e-012;
0.088100000000001497;1.3463240938760279e-012;
0.088200000000001499;1.7002141881883315e-012;
0.088300000000001502;1.4943625763902402e-012;
0.088400000000001505;1.3205673533855933e-012;
0.088500000000001508;1.3329909008194529e-012;
0.088600000000001511;1.3971533348658416e-012;
0.088700000000001514;1.5040654268924647e-012;
0.088800000000001517;1.5155152523552151e-012;
0.088900000000001519;1.4223740458021994e-012;
0.089000000000001522;1.7973320314695895e-012;
0.089100000000001525;1.4423076448444316e-012;
0.089200000000001528;1.3067752175494052e-012;
0.089300000000001531;1.6611199178326319e-012;
0.089400000000001534;1.4346955698116282e-012;
0.089500000000001537;1.1899041864674165e-012;
0.08960000000000154;1.3560474357993124e-012;
0.089700000000001542;1.0995636909663653e-012;
0.089800000000001545;1.3090829418735406e-012;
0.089900000000001548;1.2971890272009401e-012;
0.090000000000001551;1.3072785041978729e-012;
0.090100000000001554;1.3266873493886222e-012;
0.090200000000001557;1.5314999702448207e-012;
0.09030000000000156;1.3012869861522836e-012;
0.090400000000001562;1.582633113103582e-012;
0.090500000000001565;1.5667504186384074e-012;
0.090600000000001568;1.1275532374108166e-012;
0.090700000000001571;1.459542014158044e-012;
0.090800000000001574;1.312400925781998e-012;
0.090900000000001577;1.4538302202729558e-012;
0.09100000000000158;1.2789935126614194e-012;
0.091100000000001582;1.4183514389018437e-012;
0.091200000000001585;1.3838288154266465e-012;
0.091300000000001588;1.4290322397636501e-012;
0.091400000000001591;1.5818947714241194e-012;
0.091500000000001594;1.4246062012349126e-012;
0.091600000000001597;1.350712402169163e-012;
0.0917000000000016;1.2855575978742984e-012;
0.091800000000001603;1.4468934947733936e-012;
0.091900000000001605;1.4678862509179269e-012;
0.092000000000001608;1.3294776520997309e-012;
0.092100000000001611;1.6207981137772443e-012;
0.092200000000001614;1.3683361084829149e-012;
0.092300000000001617;1.2811105258234146e-012;
0.09240000000000162;1.6570086231945669e-012;
0.092500000000001623;1.7917295251634879e-012;
0.092600000000001625;1.3374848104041881e-012;
0.092700000000001628;1.3906563617674395e-012;
0.092800000000001631;1.3167755731277597e-012;
0.092900000000001634;1.4235993026773253e-012;
0.093000000000001637;1.2003318261219476e-012;
0.09310000000000164;1.1567230463402356e-012;
0.093200000000001643;1.9149759902803432e-012;
0.093300000000001646;1.6066305187287244e-012;
0.093400000000001648;1.656064283102332e-012;
0.093500000000001651;1.4536530616379717e-012;
0.093600000000001654;1.283021323732203e-012;
0.093700000000001657;1.3900506180136718e-012;
0.09380000000000166;1.3665772072984916e-012;
0.093900000000001663;1.5393643391231615e-012;
0.094000000000001666;1.3511388188836015e-012;
0.094100000000001668;1.3929069486370849e-012;
0.094200000000001671;1.2530704555577254e-012;
0.094300000000001674;1.5016815915758208e-012;
0.094400000000001677;1.5872056273458224e-012;
0.09450000000000168;1.1824322987755154e-012;
0.094600000000001683;1.2915960618739564e-012;
0.094700000000001686;1.5363618580468974e-012;
0.094800000000001688;1.1752227880093558e-012;
0.094900000000001691;1.1068850913967254e-012;
0.095000000000001694;1.307068711077497e-012;
0.095100000000001697;1.2016988966412345e-012;
0.0952000000000017;1.2945997355726102e-012;
0.095300000000001703;1.316944058145364e-012;
0.095400000000001706;1.3422406632337958e-012;
0.095500000000001709;1.368679475310941e-012;
0.095600000000001711;1.5330896274701189e-012;
0.095700000000001714;1.1527413138617826e-012;
0.095800000000001717;1.8450581774215324e-012;
0.09590000000000172;1.0486558453190464e-012;
0.096000000000001723;1.5905815076502905e-012;
0.096100000000001726;1.6715384501889141e-012;
0.096200000000001729;1.0672969669514587e-012;
0.096300000000001731;1.7377802755819127e-012;
0.096400000000001734;1.5394099840346231e-012;
0.096500000000001737;1.5363162131354358e-012;
0.09660000000000174;1.1798010485231103e-012;
0.096700000000001743;1.3024593339613921e-012;
0.096800000000001746;1.4358383189014279e-012;
0.096900000000001749;1.5124908703950668e-012;
0.097000000000001751;1.6262207509429305e-012;
0.097100000000001754;1.5475230688913322e-012;
0.097200000000001757;1.3410934689150888e-012;
0.09730000000000176;1.3343043033312019e-012;
0.097400000000001763;1.5306373789963912e-012;
0.097500000000001766;1.2979412466682105e-012;
0.097600000000001769;1.7976765909200054e-012;
0.097700000000001772;1.8488973373143036e-012;
0.097800000000001774;1.2101592514537907e-012;
0.097900000000001777;1.5767309333170054e-012;
0.09800000000000178;1.2932226903933364e-012;
0.098100000000001783;1.2745581499939984e-012;
0.098200000000001786;1.6034236655429468e-012;
0.098300000000001789;1.3638765681070475e-012;
0.098400000000001792;1.5881300181180835e-012;
0.098500000000001794;1.312737245295903e-012;
0.098600000000001797;1.4446438836857034e-012;
0.0987000000000018;1.4403255064326936e-012;
0.098800000000001803;1.3177439825082238e-012;
0.098900000000001806;1.5261474809596942e-012;
0.099000000000001809;1.3603657046321049e-012;
0.099100000000001812;1.8569874370849559e-012;
0.099200000000001815;1.4034046277519585e-012;
0.099300000000001817;1.4560425348059125e-012;
0.09940000000000182;1.3215370638086643e-012;
0.099500000000001823;1.5291855238672158e-012;
0.099600000000001826;1.4987608593433621e-012;
0.099700000000001829;1.6541762534391657e-012;
0.099800000000001832;1.5176387707302452e-012;
0.099900000000001835;1.3821033076691358e-012;
0.10000000000000184;1.3921277325357195e-012;
