Time;Power;
0;1.5813871479669617e-012;
0.0001;1.2247723451749848e-012;
0.00020000000000000001;1.2531116552402799e-012;
0.00030000000000000003;1.4238182030959501e-012;
0.00040000000000000002;1.5556113255182913e-012;
0.00050000000000000001;1.3592533132031348e-012;
0.00060000000000000006;1.6862270043813132e-012;
0.0007000000000000001;1.1447983403259365e-012;
0.00080000000000000015;1.5487099450095521e-012;
0.00090000000000000019;1.4704208987567635e-012;
0.0010000000000000002;1.4190070559555457e-012;
0.0011000000000000003;1.3706116320025274e-012;
0.0012000000000000003;1.1974799407274417e-012;
0.0013000000000000004;1.4119797995745809e-012;
0.0014000000000000004;1.4755413687769781e-012;
0.0015000000000000005;1.163203105884747e-012;
0.0016000000000000005;1.4077105366799847e-012;
0.0017000000000000006;1.3273636747038187e-012;
0.0018000000000000006;1.2358815143151403e-012;
0.0019000000000000006;1.1772518723751624e-012;
0.0020000000000000005;1.6500739576791323e-012;
0.0021000000000000003;1.3968930179242278e-012;
0.0022000000000000001;1.2865144062915168e-012;
0.0023;1.8202260445437934e-012;
0.0023999999999999998;1.262698712950483e-012;
0.0024999999999999996;1.7681866170890514e-012;
0.0025999999999999994;1.420405676758052e-012;
0.0026999999999999993;1.444114576185096e-012;
0.0027999999999999991;1.1891440523242869e-012;
0.0028999999999999989;1.4284621662613572e-012;
0.0029999999999999988;1.6147320026221879e-012;
0.0030999999999999986;1.56266601221422e-012;
0.0031999999999999984;1.3346858340756995e-012;
0.0032999999999999982;1.5272351525791317e-012;
0.0033999999999999981;1.1636383046367826e-012;
0.0034999999999999979;1.689515931671548e-012;
0.0035999999999999977;1.2386156553537142e-012;
0.0036999999999999976;1.4115436250405899e-012;
0.0037999999999999974;1.3361697815891804e-012;
0.0038999999999999972;1.3881914281282937e-012;
0.0039999999999999975;1.1996487787532817e-012;
0.0040999999999999977;1.2386565297756169e-012;
0.004199999999999998;1.3098803725714037e-012;
0.0042999999999999983;1.543008234204668e-012;
0.0043999999999999985;1.2603913138869993e-012;
0.0044999999999999988;1.3111405407564836e-012;
0.0045999999999999991;1.4832613219259438e-012;
0.0046999999999999993;1.3726310669689989e-012;
0.0047999999999999996;1.2818580832213433e-012;
0.0048999999999999998;1.4864351069454607e-012;
0.0050000000000000001;1.4909114524550016e-012;
0.0051000000000000004;1.422855431566783e-012;
0.0052000000000000006;1.3589966825489075e-012;
0.0053000000000000009;1.6158978452182615e-012;
0.0054000000000000012;1.4026659608118441e-012;
0.0055000000000000014;1.4253070295192072e-012;
0.0056000000000000017;1.5119043170197521e-012;
0.0057000000000000019;1.1118697108847275e-012;
0.0058000000000000022;1.5525930150903089e-012;
0.0059000000000000025;1.2056031086643548e-012;
0.0060000000000000027;1.5655567120465008e-012;
0.006100000000000003;1.3306625766540403e-012;
0.0062000000000000033;1.4180456938892028e-012;
0.0063000000000000035;1.9042280773040599e-012;
0.0064000000000000038;1.2246912468524829e-012;
0.006500000000000004;1.3193026315513889e-012;
0.0066000000000000043;1.2148454985039248e-012;
0.0067000000000000046;1.3109722725793138e-012;
0.0068000000000000048;1.434168105454714e-012;
0.0069000000000000051;1.4213679061861328e-012;
0.0070000000000000053;1.5251050205708494e-012;
0.0071000000000000056;1.3195978598029567e-012;
0.0072000000000000059;1.2862647145311934e-012;
0.0073000000000000061;1.3529729636987953e-012;
0.0074000000000000064;1.4142475168385515e-012;
0.0075000000000000067;1.6785657065698789e-012;
0.0076000000000000069;1.5877141181647181e-012;
0.0077000000000000072;1.2544672332165385e-012;
0.0078000000000000074;1.4351348885319193e-012;
0.0079000000000000077;1.3862035434450415e-012;
0.0080000000000000071;1.2763811275268155e-012;
0.0081000000000000065;1.2717432358935743e-012;
0.0082000000000000059;1.4861220977782641e-012;
0.0083000000000000053;1.4433211570352711e-012;
0.0084000000000000047;1.441030129424592e-012;
0.0085000000000000041;1.2720742428168341e-012;
0.0086000000000000035;1.601983845057886e-012;
0.0087000000000000029;1.1326232920300106e-012;
0.0088000000000000023;1.171407805825031e-012;
0.0089000000000000017;1.4277610127164109e-012;
0.0090000000000000011;1.5369982847221464e-012;
0.0091000000000000004;1.2333542390510766e-012;
0.0091999999999999998;1.2959775396934048e-012;
0.0092999999999999992;1.7886369468866903e-012;
0.0093999999999999986;1.4168661903457558e-012;
0.009499999999999998;1.5574881878990809e-012;
0.0095999999999999974;1.8002843139852676e-012;
0.0096999999999999968;1.438036864066794e-012;
0.0097999999999999962;1.4042741578942919e-012;
0.0098999999999999956;1.5478424748513464e-012;
0.009999999999999995;1.4156875541640468e-012;
0.010099999999999994;1.349945112291695e-012;
0.010199999999999994;1.3541682965939605e-012;
0.010299999999999993;1.5467472138167015e-012;
0.010399999999999993;1.2572629569385096e-012;
0.010499999999999992;1.5197183789172897e-012;
0.010599999999999991;1.0199274150940463e-012;
0.010699999999999991;1.4713110287403741e-012;
0.01079999999999999;1.4057090994695765e-012;
0.01089999999999999;1.2629048197834725e-012;
0.010999999999999989;1.2441747935729164e-012;
0.011099999999999988;1.3608364652153981e-012;
0.011199999999999988;1.5087483129158641e-012;
0.011299999999999987;1.4563527250474606e-012;
0.011399999999999987;1.3640908064563306e-012;
0.011499999999999986;1.4252194259836704e-012;
0.011599999999999985;1.345941153668706e-012;
0.011699999999999985;1.3210308498143308e-012;
0.011799999999999984;1.252167315148045e-012;
0.011899999999999984;1.4673530402894985e-012;
0.011999999999999983;1.4229865116094365e-012;
0.012099999999999982;1.1420915211821092e-012;
0.012199999999999982;1.4409863276568236e-012;
0.012299999999999981;1.3900506180136718e-012;
0.01239999999999998;1.4779935088304885e-012;
0.01249999999999998;1.4364536036343134e-012;
0.012599999999999979;1.4771908739621975e-012;
0.012699999999999979;1.4657536252446479e-012;
0.012799999999999978;1.5817103486345796e-012;
0.012899999999999977;1.3889261919405871e-012;
0.012999999999999977;1.5213468505803629e-012;
0.013099999999999976;1.5819869286087807e-012;
0.013199999999999976;1.1668064518050025e-012;
0.013299999999999975;1.4022315210013292e-012;
0.013399999999999974;1.3304509403899711e-012;
0.013499999999999974;1.2664118885508113e-012;
0.013599999999999973;1.4814744483254705e-012;
0.013699999999999973;1.4644658099041696e-012;
0.013799999999999972;1.4132006112207995e-012;
0.013899999999999971;1.6925690449892672e-012;
0.013999999999999971;1.5367709275265762e-012;
0.01409999999999997;1.362377550183369e-012;
0.01419999999999997;1.4746057023021231e-012;
0.014299999999999969;1.4846911677510177e-012;
0.014399999999999968;1.7884408147136877e-012;
0.014499999999999968;1.3539549256064154e-012;
0.014599999999999967;1.5517703224818269e-012;
0.014699999999999967;1.1446807043902218e-012;
0.014799999999999966;1.3738775742067055e-012;
0.014899999999999965;1.6470593335385364e-012;
0.014999999999999965;1.536543570331006e-012;
0.015099999999999964;1.268063670560593e-012;
0.015199999999999964;1.1532927390867087e-012;
0.015299999999999963;1.6529969667361533e-012;
0.015399999999999962;1.4398415185828961e-012;
0.015499999999999962;1.3574146147388166e-012;
0.015599999999999961;1.5613823168419971e-012;
0.015699999999999961;1.1347715302145733e-012;
0.01579999999999996;1.3557910219855196e-012;
0.015899999999999959;1.2141985550676027e-012;
0.015999999999999959;1.5272351525791317e-012;
0.016099999999999958;1.2597736439093343e-012;
0.016199999999999957;1.0732176865951848e-012;
0.016299999999999957;1.3337959209325234e-012;
0.016399999999999956;1.1409157039260487e-012;
0.016499999999999956;1.4384330315406202e-012;
0.016599999999999955;1.6869416020331984e-012;
0.016699999999999954;1.2163015820215728e-012;
0.016799999999999954;1.327828363754946e-012;
0.016899999999999953;1.4434091942516769e-012;
0.016999999999999953;1.2497464001171021e-012;
0.017099999999999952;1.5856345099776736e-012;
0.017199999999999951;1.4457463004546867e-012;
0.017299999999999951;1.7206537843844627e-012;
0.01739999999999995;1.4331577374501747e-012;
0.01749999999999995;1.2454026525332562e-012;
0.017599999999999949;1.3676067656814839e-012;
0.017699999999999948;1.4145091348227723e-012;
0.017799999999999948;1.2369830637223855e-012;
0.017899999999999947;1.4052742259781925e-012;
0.017999999999999947;1.1170595698439811e-012;
0.018099999999999946;1.4095830622520844e-012;
0.018199999999999945;1.901040306076518e-012;
0.018299999999999945;1.4806260601255006e-012;
0.018399999999999944;1.3474311727143529e-012;
0.018499999999999944;1.1582623965847305e-012;
0.018599999999999943;1.4524589213651962e-012;
0.018699999999999942;1.4589215252547305e-012;
0.018799999999999942;1.2882627907148669e-012;
0.018899999999999941;1.5740604349459564e-012;
0.018999999999999941;1.0220774964223023e-012;
0.01909999999999994;1.5558400921766857e-012;
0.019199999999999939;1.3525463301439222e-012;
0.019299999999999939;1.3228025445843894e-012;
0.019399999999999938;1.4615815068647064e-012;
0.019499999999999938;1.2413935981600566e-012;
0.019599999999999937;1.4278486162519477e-012;
0.019699999999999936;1.3758565684321433e-012;
0.019799999999999936;1.2311143857829387e-012;
0.019899999999999935;1.4600296882952279e-012;
0.019999999999999934;1.4363216562299219e-012;
0.020099999999999934;1.3649480851141149e-012;
0.020199999999999933;1.5998022134464107e-012;
0.020299999999999933;1.3982375370383271e-012;
0.020399999999999932;1.2627400210532547e-012;
0.020499999999999931;1.2813181505394455e-012;
0.020599999999999931;1.2465495215913114e-012;
0.02069999999999993;1.330831712192948e-012;
0.02079999999999993;1.3704396775379712e-012;
0.020899999999999929;1.3366787060889451e-012;
0.020999999999999928;1.3284628388662845e-012;
0.021099999999999928;1.2573041566210641e-012;
0.021199999999999927;1.4407219991671716e-012;
0.021299999999999927;1.2735227369192748e-012;
0.021399999999999926;1.2454026525332562e-012;
0.021499999999999925;1.3258425390558215e-012;
0.021599999999999925;1.4214992030692208e-012;
0.021699999999999924;1.6489430263930127e-012;
0.021799999999999924;1.3991921770512006e-012;
0.021899999999999923;1.3171546102072607e-012;
0.021999999999999922;1.4041437283729419e-012;
0.022099999999999922;1.3488370576714148e-012;
0.022199999999999921;1.4971444223244035e-012;
0.022299999999999921;1.4496750154469051e-012;
0.02239999999999992;1.4099315248303212e-012;
0.022499999999999919;1.4813852184866749e-012;
0.022599999999999919;1.2302596007901512e-012;
0.022699999999999918;1.1947914446003294e-012;
0.022799999999999918;1.2623688986496129e-012;
0.022899999999999917;1.4818762536505936e-012;
0.022999999999999916;1.5031206531193608e-012;
0.023099999999999916;1.4296464402943632e-012;
0.023199999999999915;1.2543438510093097e-012;
0.023299999999999915;1.1131080866061405e-012;
0.023399999999999914;1.444114576185096e-012;
0.023499999999999913;1.4750068571059427e-012;
0.023599999999999913;1.5848031437518117e-012;
0.023699999999999912;1.4338166071103942e-012;
0.023799999999999912;1.6739110098029641e-012;
0.023899999999999911;1.5680363908351924e-012;
0.02399999999999991;1.2931808401894784e-012;
0.02409999999999991;1.3328640491652721e-012;
0.024199999999999909;1.0530559714158616e-012;
0.024299999999999908;1.3486664042494656e-012;
0.024399999999999908;1.4141166536363325e-012;
0.024499999999999907;1.5370895745450697e-012;
0.024599999999999907;1.1598816525293376e-012;
0.024699999999999906;1.8325714210010169e-012;
0.024799999999999905;1.2329874534561247e-012;
0.024899999999999905;1.3203143005985352e-012;
0.024999999999999904;1.6411320002615581e-012;
0.025099999999999904;1.3365939214790568e-012;
0.025199999999999903;1.2447886688429777e-012;
0.025299999999999902;1.2427021217620293e-012;
0.025399999999999902;1.3187548926138493e-012;
0.025499999999999901;1.7159409743811027e-012;
0.025599999999999901;1.9580641361788276e-012;
0.0256999999999999;1.4343877648148595e-012;
0.025799999999999899;1.5827716741412257e-012;
0.025899999999999899;1.6628699285592408e-012;
0.025999999999999898;1.4495424175212102e-012;
0.026099999999999898;1.7017934370727739e-012;
0.026199999999999897;1.2569751012617147e-012;
0.026299999999999896;1.4740266299217986e-012;
0.026399999999999896;1.4175215905590233e-012;
0.026499999999999895;1.4312700330476602e-012;
0.026599999999999895;1.4929277432351729e-012;
0.026699999999999894;1.3203143005985352e-012;
0.026799999999999893;1.1811959830382301e-012;
0.026899999999999893;1.4485707555342286e-012;
0.026999999999999892;1.5431446268379667e-012;
0.027099999999999892;1.1386438666938226e-012;
0.027199999999999891;1.5188140458852195e-012;
0.02729999999999989;1.3699244646656061e-012;
0.02739999999999989;1.2186492049856557e-012;
0.027499999999999889;1.280985950993796e-012;
0.027599999999999889;1.5133030462424757e-012;
0.027699999999999888;1.4854959710236537e-012;
0.027799999999999887;1.2349437878561575e-012;
0.027899999999999887;1.2960612401011207e-012;
0.027999999999999886;1.6938581613723525e-012;
0.028099999999999885;1.6482364518372039e-012;
0.028199999999999885;1.3713417337454792e-012;
0.028299999999999884;1.3393096310806984e-012;
0.028399999999999884;1.3384607007796423e-012;
0.028499999999999883;1.4063615723369782e-012;
0.028599999999999882;1.3519916523124786e-012;
0.028699999999999882;1.389920730593408e-012;
0.028799999999999881;1.6561587171115555e-012;
0.028899999999999881;1.1180291718468349e-012;
0.02899999999999988;1.4156875541640468e-012;
0.029099999999999879;1.1546327045516835e-012;
0.029199999999999879;1.7236869483822082e-012;
0.029299999999999878;1.5231121485576038e-012;
0.029399999999999878;1.4110207143328002e-012;
0.029499999999999877;1.4370693220480679e-012;
0.029599999999999876;1.2108857753295732e-012;
0.029699999999999876;1.322760477540097e-012;
0.029799999999999875;1.6112375106000498e-012;
0.029899999999999875;1.3682932824971017e-012;
0.029999999999999874;1.4868377796323218e-012;
0.030099999999999873;1.4154256109191743e-012;
0.030199999999999873;1.5545591073098941e-012;
0.030299999999999872;1.5103258270768305e-012;
0.030399999999999872;1.6211718382661e-012;
0.030499999999999871;9.8929783635959279e-013;
0.03059999999999987;1.4909114524550016e-012;
0.03069999999999987;1.1883041209012624e-012;
0.030799999999999869;1.4034917976066263e-012;
0.030899999999999869;1.7848118816221614e-012;
0.030999999999999868;1.4581684384257221e-012;
0.031099999999999867;1.4742939941775335e-012;
0.031199999999999867;1.3183759639545656e-012;
0.03129999999999987;1.3664054696743699e-012;
0.031399999999999872;1.5594115625530702e-012;
0.031499999999999875;1.5486641916778732e-012;
0.031599999999999878;1.3444517851443627e-012;
0.031699999999999881;1.5709778313291456e-012;
0.031799999999999884;1.2237980811027893e-012;
0.031899999999999887;1.2622451911817323e-012;
0.03199999999999989;1.3123169001136303e-012;
0.032099999999999893;1.4290322397636501e-012;
0.032199999999999895;1.2119760490342246e-012;
0.032299999999999898;1.4361900340861822e-012;
0.032399999999999901;1.2900537842835957e-012;
0.032499999999999904;1.2500334968523763e-012;
0.032599999999999907;1.204636542427584e-012;
0.03269999999999991;1.1871445666777891e-012;
0.032799999999999913;1.2915960618739564e-012;
0.032899999999999915;1.2905537099053288e-012;
0.032999999999999918;1.418700985682253e-012;
0.033099999999999921;1.2609677841821099e-012;
0.033199999999999924;1.248844235489377e-012;
0.033299999999999927;1.5222522678146055e-012;
0.03339999999999993;1.4401936674485194e-012;
0.033499999999999933;1.5082978269131964e-012;
0.033599999999999935;1.3068590263773383e-012;
0.033699999999999938;1.1365309735000828e-012;
0.033799999999999941;1.386592446764312e-012;
0.033899999999999944;1.6496496009488215e-012;
0.033999999999999947;1.5673474887747951e-012;
0.03409999999999995;1.3819305942630589e-012;
0.034199999999999953;1.7010753699739367e-012;
0.034299999999999956;1.3065656412694637e-012;
0.034399999999999958;1.4483059933637077e-012;
0.034499999999999961;1.6756201461076703e-012;
0.034599999999999964;1.4687309528305104e-012;
0.034699999999999967;1.5717597579359421e-012;
0.03479999999999997;1.5127163844469438e-012;
0.034899999999999973;1.308621180168279e-012;
0.034999999999999976;1.1929877658661825e-012;
0.035099999999999978;1.5741523752901831e-012;
0.035199999999999981;1.7141632080788782e-012;
0.035299999999999984;1.1966769805984989e-012;
0.035399999999999987;1.1533322040457872e-012;
0.03549999999999999;1.4302607492452935e-012;
0.035599999999999993;1.2580034670223172e-012;
0.035699999999999996;1.5309553754935812e-012;
0.035799999999999998;1.3472609529732726e-012;
0.035900000000000001;1.5284142224417097e-012;
0.036000000000000004;1.4440706659971103e-012;
0.036100000000000007;1.1875443120187845e-012;
0.03620000000000001;1.4535646991609141e-012;
0.036300000000000013;1.4330700254944206e-012;
0.036400000000000016;1.2339248546544557e-012;
0.036500000000000019;1.4779043874119102e-012;
0.036600000000000021;1.3418583735477774e-012;
0.036700000000000024;1.6467767904523867e-012;
0.036800000000000027;1.099140418438227e-012;
0.03690000000000003;1.3185865160164623e-012;
0.037000000000000033;1.4135058141323542e-012;
0.037100000000000036;1.333753420207362e-012;
0.037200000000000039;1.222215796452264e-012;
0.037300000000000041;1.2156945372251982e-012;
0.037400000000000044;1.29886097537113e-012;
0.037500000000000047;1.6092821519819722e-012;
0.03760000000000005;1.9190395800228188e-012;
0.037700000000000053;1.2971055436336587e-012;
0.037800000000000056;1.414814771415196e-012;
0.037900000000000059;1.3140827401919575e-012;
0.038000000000000062;1.530092892665369e-012;
0.038100000000000064;1.246221767274569e-012;
0.038200000000000067;1.3919978451154558e-012;
0.03830000000000007;1.3104262683652501e-012;
0.038400000000000073;1.0389108193523122e-012;
0.038500000000000076;1.2896786503319158e-012;
0.038600000000000079;1.0791167221954612e-012;
0.038700000000000082;1.6554506246727052e-012;
0.038800000000000084;1.1592891360420743e-012;
0.038900000000000087;1.4845124912329921e-012;
0.03900000000000009;1.4285500950575458e-012;
0.039100000000000093;1.3790858646028914e-012;
0.039200000000000096;1.4365855510387049e-012;
0.039300000000000099;1.7792780053135782e-012;
0.039400000000000102;1.6391119147737832e-012;
0.039500000000000104;1.6412730549641985e-012;
0.039600000000000107;1.3356608570894157e-012;
0.03970000000000011;1.6474829313273265e-012;
0.039800000000000113;1.4136804791023416e-012;
0.039900000000000116;1.6927122680962525e-012;
0.040000000000000119;1.3893585717669743e-012;
0.040100000000000122;1.4131568094530311e-012;
0.040200000000000125;1.4733139838338238e-012;
0.040300000000000127;1.3611786394210346e-012;
0.04040000000000013;1.4015800239158827e-012;
0.040500000000000133;1.2357185587286157e-012;
0.040600000000000136;1.5647305499910669e-012;
0.040700000000000139;1.5420966370180422e-012;
0.040800000000000142;1.7731174601492983e-012;
0.040900000000000145;1.3168177485922694e-012;
0.041000000000000147;1.4035350572733085e-012;
0.04110000000000015;1.612681451053366e-012;
0.041200000000000153;1.6526196643801283e-012;
0.041300000000000156;1.6297315059976558e-012;
0.041400000000000159;1.2763811275268155e-012;
0.041500000000000162;1.6375620477682151e-012;
0.041600000000000165;1.1097817543409549e-012;
0.041700000000000167;1.5017714719359199e-012;
0.04180000000000017;1.6760000505489092e-012;
0.041900000000000173;1.337357416648921e-012;
0.042000000000000176;1.527824633300312e-012;
0.042100000000000179;1.5128518012982872e-012;
0.042200000000000182;1.0713181643889902e-012;
0.042300000000000185;1.5976219912977596e-012;
0.042400000000000188;1.3566453732974382e-012;
0.04250000000000019;1.0862551092991057e-012;
0.042600000000000193;1.6353565637089451e-012;
0.042700000000000196;1.3099225480359133e-012;
0.042800000000000199;1.6654726642945095e-012;
0.042900000000000202;1.2299748892996565e-012;
0.043000000000000205;1.0572012015819254e-012;
0.043100000000000208;1.338800381320282e-012;
0.04320000000000021;1.5422333549119926e-012;
0.043300000000000213;1.329266124255879e-012;
0.043400000000000216;1.172400609754376e-012;
0.043500000000000219;1.5120846198410365e-012;
0.043600000000000222;1.2568929187370403e-012;
0.043700000000000225;1.3927335847097044e-012;
0.043800000000000228;1.3351521494300855e-012;
0.043900000000000231;1.4371131238158363e-012;
0.044000000000000233;1.300283014940562e-012;
0.044100000000000236;1.5378173994634592e-012;
0.044200000000000239;1.3058109281371966e-012;
0.044300000000000242;1.3649480851141149e-012;
0.044400000000000245;1.5354526461050511e-012;
0.044500000000000248;9.5935076289271892e-013;
0.044600000000000251;1.2504847417965648e-012;
0.044700000000000253;1.26690726052342e-012;
0.044800000000000256;1.3619064643394241e-012;
0.044900000000000259;1.4620695062625422e-012;
0.045000000000000262;1.305685052264971e-012;
0.045100000000000265;1.3424957760049816e-012;
0.045200000000000268;1.3948992785492442e-012;
0.045300000000000271;1.4443792299353997e-012;
0.045400000000000273;1.0582200263634101e-012;
0.045500000000000276;1.3868517879239706e-012;
0.045600000000000279;1.4129825781639127e-012;
0.045700000000000282;1.3548940615282223e-012;
0.045800000000000285;1.5120397338710956e-012;
0.045900000000000288;1.4306114886480925e-012;
0.046000000000000291;1.196877666420626e-012;
0.046100000000000294;1.3269407274363321e-012;
0.046200000000000296;1.1527413138617826e-012;
0.046300000000000299;1.4032309385639263e-012;
0.046400000000000302;1.5487099450095521e-012;
0.046500000000000305;1.2245289417872618e-012;
0.046600000000000308;1.6348871041682589e-012;
0.046700000000000311;1.3558763486964942e-012;
0.046800000000000314;1.56518949277068e-012;
0.046900000000000316;1.6789937495875762e-012;
0.047000000000000319;1.2983175732422803e-012;
0.047100000000000322;1.099717539254641e-012;
0.047200000000000325;1.5487099450095521e-012;
0.047300000000000328;1.6166442099938005e-012;
0.047400000000000331;1.5327262029019018e-012;
0.047500000000000334;1.5861887541282482e-012;
0.047600000000000336;1.297230877404798e-012;
0.047700000000000339;1.3258001467508773e-012;
0.047800000000000342;1.0973719762746859e-012;
0.047900000000000345;1.7498915727900965e-012;
0.048000000000000348;1.4141166536363325e-012;
0.048100000000000351;1.486748441373309e-012;
0.048200000000000354;1.2828552239593782e-012;
0.048300000000000357;1.4890751392354629e-012;
0.048400000000000359;1.4640664982440432e-012;
0.048500000000000362;1.2085051926194468e-012;
0.048600000000000365;1.2375952042689708e-012;
0.048700000000000368;1.6205181727763085e-012;
0.048800000000000371;1.3921277325357195e-012;
0.048900000000000374;1.2921381629601991e-012;
0.049000000000000377;1.2386975126177369e-012;
0.049100000000000379;1.3951593786504235e-012;
0.049200000000000382;1.3801630194612557e-012;
0.049300000000000385;1.3278707560598901e-012;
0.049400000000000388;1.4590989007301491e-012;
0.049500000000000391;1.6893728169847799e-012;
0.049600000000000394;1.2017792360222157e-012;
0.049700000000000397;1.2908872104935853e-012;
0.0498000000000004;1.697536534082944e-012;
0.049900000000000402;1.4154256109191743e-012;
0.050000000000000405;1.6632955863321586e-012;
0.050100000000000408;1.3065235742251713e-012;
0.050200000000000411;1.4267525962757821e-012;
0.050300000000000414;1.3848219446166432e-012;
0.050400000000000417;1.2036703014514649e-012;
0.05050000000000042;1.4433211570352711e-012;
0.050600000000000422;1.2802386104363017e-012;
0.050700000000000425;1.6285605676513715e-012;
0.050800000000000428;1.2755521465457331e-012;
0.050900000000000431;1.4130259462508121e-012;
0.051000000000000434;1.4917178820308963e-012;
0.051100000000000437;1.6550260511019599e-012;
0.05120000000000044;1.0957199774244697e-012;
0.051300000000000442;1.1548298125066414e-012;
0.051400000000000445;1.5730017115245243e-012;
0.051500000000000448;1.2521261154654906e-012;
0.051600000000000451;1.3683361084829149e-012;
0.051700000000000454;1.2567694281095942e-012;
0.051800000000000457;1.187024545497295e-012;
0.05190000000000046;1.3079497337628587e-012;
0.052000000000000463;1.4649984784315118e-012;
0.052100000000000465;1.4267525962757821e-012;
0.052200000000000468;1.1733542739852942e-012;
0.052300000000000471;1.3972834391265399e-012;
0.052400000000000474;1.4884932479294899e-012;
0.052500000000000477;1.3277018373614169e-012;
0.05260000000000048;1.8112289012356397e-012;
0.052700000000000483;1.418700985682253e-012;
0.052800000000000485;1.402579116217828e-012;
0.052900000000000488;1.2900537842835957e-012;
0.053000000000000491;1.2076583223025183e-012;
0.053100000000000494;1.8367453825246516e-012;
0.053200000000000497;1.3364241354188455e-012;
0.0533000000000005;1.4820102610391128e-012;
0.053400000000000503;1.2678571300467345e-012;
0.053500000000000505;1.3624201593287477e-012;
0.053600000000000508;1.4507793837797989e-012;
0.053700000000000511;1.4511329421082464e-012;
0.053800000000000514;1.7027982756462334e-012;
0.053900000000000517;1.2287139621730558e-012;
0.05400000000000052;1.2138751375595502e-012;
0.054100000000000523;1.1824322987755154e-012;
0.054200000000000526;1.6333396224074703e-012;
0.054300000000000528;1.3590821176800993e-012;
0.054400000000000531;1.5530959764781249e-012;
0.054500000000000534;1.5361798205021371e-012;
0.054600000000000537;1.3238997571829447e-012;
0.05470000000000054;1.2884709575319842e-012;
0.054800000000000543;1.1926671672837785e-012;
0.054900000000000546;1.4902842414982187e-012;
0.055000000000000548;1.6456941061629426e-012;
0.055100000000000551;1.3698385958535453e-012;
0.055200000000000554;1.5429624808729892e-012;
0.055300000000000557;1.5769613262786586e-012;
0.05540000000000056;1.5553370223686525e-012;
0.055500000000000563;1.1666478330271679e-012;
0.055600000000000566;1.3307892114677866e-012;
0.055700000000000569;1.521075583196807e-012;
0.055800000000000571;1.2801140356066831e-012;
0.055900000000000574;1.6112375106000498e-012;
0.056000000000000577;1.0170394257671966e-012;
0.05610000000000058;1.0352493601956114e-012;
0.056200000000000583;1.3278707560598901e-012;
0.056300000000000586;1.2452389380052109e-012;
0.056400000000000589;1.4500284653551354e-012;
0.056500000000000591;1.3966328094028313e-012;
0.056600000000000594;1.5619783027762124e-012;
0.056700000000000597;1.3996696596879632e-012;
0.0568000000000006;1.278661855216856e-012;
0.056900000000000603;1.4415146593754757e-012;
0.057000000000000606;1.8230484396392077e-012;
0.057100000000000609;1.7483392121195318e-012;
0.057200000000000611;1.2875548066962339e-012;
0.057300000000000614;1.4027095457391781e-012;
0.057400000000000617;1.3341774516770211e-012;
0.05750000000000062;1.4401495404200992e-012;
0.057600000000000623;1.2758008625241013e-012;
0.057700000000000626;1.5128065900676946e-012;
0.057800000000000629;1.3416458699219702e-012;
0.057900000000000632;1.2636883726935277e-012;
0.058000000000000634;1.3436012285400478e-012;
0.058100000000000637;1.3919543686083391e-012;
0.05820000000000064;1.3321018550380148e-012;
0.058300000000000643;1.2958940561261234e-012;
0.058400000000000646;1.4668641735299248e-012;
0.058500000000000649;1.2268844794272038e-012;
0.058600000000000652;1.1615812478549259e-012;
0.058700000000000654;1.300115505704913e-012;
0.058800000000000657;1.5106416551696755e-012;
0.05890000000000066;1.512400664774316e-012;
0.059000000000000663;1.4531224530947573e-012;
0.059100000000000666;1.6238823436973138e-012;
0.059200000000000669;1.3521625225748624e-012;
0.059300000000000672;1.5580835233119927e-012;
0.059400000000000674;1.5413224082466703e-012;
0.059500000000000677;1.6734364545120672e-012;
0.05960000000000068;1.763360616378884e-012;
0.059700000000000683;1.4507351483311615e-012;
0.059800000000000686;1.3012453527888601e-012;
0.059900000000000689;1.4984915435237167e-012;
0.060000000000000692;1.4118923044592613e-012;
0.060100000000000695;1.4651318352987275e-012;
0.060200000000000697;1.2281445391920665e-012;
0.0603000000000007;1.0646074950423912e-012;
0.060400000000000703;1.3598949440488117e-012;
0.060500000000000706;1.3509683823020868e-012;
0.060600000000000709;1.0680170940344236e-012;
0.060700000000000712;1.3764160167531458e-012;
0.060800000000000715;1.2070133304301067e-012;
0.060900000000000717;1.5747508548893951e-012;
0.06100000000000072;1.7511053371221941e-012;
0.061100000000000723;1.3156811794548529e-012;
0.061200000000000726;1.5980395175543838e-012;
0.061300000000000729;1.7500372895620786e-012;
0.061400000000000732;1.2300156553013419e-012;
0.061500000000000735;1.0724956079483094e-012;
0.061600000000000737;1.4113693937514715e-012;
0.06170000000000074;1.2977322124893553e-012;
0.061800000000000743;1.5303198161800702e-012;
0.061900000000000746;1.072267708651653e-012;
0.062000000000000749;1.4543165933675328e-012;
0.062100000000000752;1.4533436303379443e-012;
0.062200000000000755;1.4081458438522376e-012;
0.062300000000000758;1.5207136765116314e-012;
0.06240000000000076;1.3261801596123335e-012;
0.062500000000000763;1.3876726373887593e-012;
0.062600000000000766;1.7043787171530655e-012;
0.062700000000000769;1.571115850265703e-012;
0.062800000000000772;1.3381212370794371e-012;
0.062900000000000775;1.4006245165412712e-012;
0.063000000000000778;1.2430293339776854e-012;
0.06310000000000078;1.5354526461050511e-012;
0.063200000000000783;1.90088851777237e-012;
0.063300000000000786;1.7652122168490547e-012;
0.063400000000000789;1.3948126507956626e-012;
0.063500000000000792;1.4627793334248684e-012;
0.063600000000000795;1.3797753087643749e-012;
0.063700000000000798;1.4259639476155161e-012;
0.063800000000000801;1.2041535303597417e-012;
0.063900000000000803;1.7525131736431665e-012;
0.064000000000000806;1.497234085844068e-012;
0.064100000000000809;1.3519492600075345e-012;
0.064200000000000812;1.5122652479229726e-012;
0.064300000000000815;1.4143347951134366e-012;
0.064400000000000818;1.4864351069454607e-012;
0.064500000000000821;1.4448643019873697e-012;
0.064600000000000823;1.2098768167878582e-012;
0.064700000000000826;1.5468841485510865e-012;
0.064800000000000829;1.3612214654068477e-012;
0.064900000000000832;1.280612118084723e-012;
0.065000000000000835;1.5168702882303875e-012;
0.065100000000000838;1.3654193877984944e-012;
0.065200000000000841;1.5568930693266037e-012;
0.065300000000000843;1.1304767885689238e-012;
0.065400000000000846;1.3496040222882311e-012;
0.065500000000000849;1.3966328094028313e-012;
0.065600000000000852;1.1928675278452538e-012;
0.065700000000000855;1.2194595376893713e-012;
0.065800000000000858;1.2492952635931309e-012;
0.065900000000000861;1.7477568871326898e-012;
0.066000000000000864;1.6574338472866157e-012;
0.066100000000000866;1.3754263570101011e-012;
0.066200000000000869;1.2355147287201884e-012;
0.066300000000000872;1.3283358787918864e-012;
0.066400000000000875;1.5228857671439888e-012;
0.066500000000000878;1.6948607231212498e-012;
0.066600000000000881;1.741893413363671e-012;
0.066700000000000884;1.5609239161634703e-012;
0.066800000000000886;1.2956017552204213e-012;
0.066900000000000889;1.5724497441985119e-012;
0.067000000000000892;1.6910419462293214e-012;
0.067100000000000895;1.4753633427802559e-012;
0.067200000000000898;1.434168105454714e-012;
0.067300000000000901;1.4181767739318563e-012;
0.067400000000000904;1.2097152706641578e-012;
0.067500000000000906;1.5688634202523644e-012;
0.067600000000000909;1.5057755389791261e-012;
0.067700000000000912;1.3244485803226569e-012;
0.067800000000000915;1.4098879399029873e-012;
0.067900000000000918;1.7690648208487647e-012;
0.068000000000000921;1.3690658849652149e-012;
0.068100000000000924;1.4646878545090947e-012;
0.068200000000000927;1.4798674438654125e-012;
0.068300000000000929;1.2966876921163828e-012;
0.068400000000000932;1.5183166139284832e-012;
0.068500000000000935;1.1626095051953111e-012;
0.068600000000000938;1.7258068888900691e-012;
0.068700000000000941;1.3863764736915529e-012;
0.068800000000000944;1.6609779957682536e-012;
0.068900000000000947;1.5935439816663899e-012;
0.069000000000000949;1.4722899548819113e-012;
0.069100000000000952;1.4596750457646079e-012;
0.069200000000000955;1.4848253919799714e-012;
0.069300000000000958;1.1929877658661825e-012;
0.069400000000000961;1.4958878320064928e-012;
0.069500000000000964;1.2799481526742928e-012;
0.069600000000000967;1.3834839307155788e-012;
0.06970000000000097;1.2858487061576107e-012;
0.069800000000000972;1.5271900497687563e-012;
0.069900000000000975;1.2512233003164619e-012;
0.070000000000000978;1.6049569442552758e-012;
0.070100000000000981;1.5717136793436115e-012;
0.070200000000000984;1.1818340360167379e-012;
0.070300000000000987;1.5116335917372825e-012;
0.07040000000000099;1.129618859389836e-012;
0.070500000000000992;1.2305038715396122e-012;
0.070600000000000995;1.3865491870976299e-012;
0.070700000000000998;1.4288570326925765e-012;
0.070800000000001001;1.2593206642416699e-012;
0.070900000000001004;1.6034701778161464e-012;
0.071000000000001007;1.3699675074918538e-012;
0.07110000000000101;1.5770533750431026e-012;
0.071200000000001012;1.4133749509301352e-012;
0.071300000000001015;1.4088425521682768e-012;
0.071400000000001018;1.443012701517199e-012;
0.071500000000001021;1.3389274498148973e-012;
0.071600000000001024;1.6896587210976644e-012;
0.071700000000001027;1.5463367348741985e-012;
0.07180000000000103;1.41071572826168e-012;
0.071900000000001033;1.419094442650648e-012;
0.072000000000001035;1.1640340384297398e-012;
0.072100000000001038;1.3894449826801214e-012;
0.072200000000001041;1.6386422383926624e-012;
0.072300000000001044;1.8940155433605499e-012;
0.072400000000001047;1.7227238515923893e-012;
0.07250000000000105;1.696676328079294e-012;
0.072600000000001053;1.3906994045936871e-012;
0.072700000000001055;1.5270539823961093e-012;
0.072800000000001058;1.3641337408623611e-012;
0.072900000000001061;1.4442468488501392e-012;
0.073000000000001064;1.4551130482834407e-012;
0.073100000000001067;1.3118545963072825e-012;
0.07320000000000107;1.3885803314475642e-012;
0.073300000000001073;1.4775920287660171e-012;
0.073400000000001075;1.6091892358557902e-012;
0.073500000000001078;1.6572920336424546e-012;
0.073600000000001081;1.6533271062976751e-012;
0.073700000000001084;1.4274102733136118e-012;
0.073800000000001087;1.6245836056624774e-012;
0.07390000000000109;1.3765021024056412e-012;
0.074000000000001093;1.2949755200455937e-012;
0.074100000000001096;1.7082604861912154e-012;
0.074200000000001098;1.1567624028790968e-012;
0.074300000000001101;1.7196433079597062e-012;
0.074400000000001104;1.5215280207633852e-012;
0.074500000000001107;1.5583580433020661e-012;
0.07460000000000111;1.4866142171443553e-012;
0.074700000000001113;1.4024923800440292e-012;
0.074800000000001116;1.3775781730618331e-012;
0.074900000000001118;1.4846018294920049e-012;
0.075000000000001121;1.6081190198913298e-012;
0.075100000000001124;1.0933018813191753e-012;
0.075200000000001127;1.6294973183283989e-012;
0.07530000000000113;1.6379376154007641e-012;
0.075400000000001133;1.4009720033375528e-012;
0.075500000000001136;1.3109722725793138e-012;
0.075600000000001139;1.2203105279745552e-012;
0.075700000000001141;1.4478646146592888e-012;
0.075800000000001144;1.4897470193217521e-012;
0.075900000000001147;1.4087119058064923e-012;
0.07600000000000115;1.5677606782227294e-012;
0.076100000000001153;1.4308311480082381e-012;
0.076200000000001156;1.521075583196807e-012;
0.076300000000001159;1.1506151934015385e-012;
0.076400000000001161;1.4169972703884093e-012;
0.076500000000001164;1.498132238923755e-012;
0.076600000000001167;1.4404138689097512e-012;
0.07670000000000117;1.5237916180591005e-012;
0.076800000000001173;1.2430700999793709e-012;
0.076900000000001176;1.418700985682253e-012;
0.077000000000001179;1.7364261070684783e-012;
0.077100000000001181;1.3061463802893636e-012;
0.077200000000001184;1.4640664982440432e-012;
0.077300000000001187;1.2224998574214552e-012;
0.07740000000000119;1.3007013001387069e-012;
0.077500000000001193;1.9527797347901332e-012;
0.077600000000001196;1.2624926061174935e-012;
0.077700000000001199;1.5758559821638096e-012;
0.077800000000001202;1.4678862509179269e-012;
0.077900000000001204;1.374479740093304e-012;
0.078000000000001207;1.5072165520865766e-012;
0.07810000000000121;1.3314244455206459e-012;
0.078200000000001213;1.2769200844267581e-012;
0.078300000000001216;1.374479740093304e-012;
0.078400000000001219;1.4775475764769452e-012;
0.078500000000001222;1.2539330468061549e-012;
0.078600000000001224;1.331636081784715e-012;
0.078700000000001227;1.3074881888980316e-012;
0.07880000000000123;1.5545591073098941e-012;
0.078900000000001233;1.3198086287052879e-012;
0.079000000000001236;1.3153445346802961e-012;
0.079100000000001239;1.5290038115831073e-012;
0.079200000000001242;1.6051892887808394e-012;
0.079300000000001244;1.4033613680852763e-012;
0.079400000000001247;1.3178702920613183e-012;
0.07950000000000125;1.3365939214790568e-012;
0.079600000000001253;1.4108899595507984e-012;
0.079700000000001256;1.3739637682794181e-012;
0.079800000000001259;1.0941460411306725e-012;
0.079900000000001262;1.2574276472485102e-012;
0.080000000000001265;1.3907427726805865e-012;
0.080100000000001267;1.257345139463184e-012;
0.08020000000000127;1.5222972622047637e-012;
0.080300000000001273;1.0869818500153228e-012;
0.080400000000001276;1.4139856820138963e-012;
0.080500000000001279;1.3364241354188455e-012;
0.080600000000001282;1.2900537842835957e-012;
0.080700000000001285;1.6355440222645679e-012;
0.080800000000001287;1.6171106337684038e-012;
0.08090000000000129;1.4521495984853861e-012;
0.081000000000001293;1.6184639349201002e-012;
0.081100000000001296;1.3330759022697758e-012;
0.081200000000001299;1.3806372494915009e-012;
0.081300000000001302;1.704234951944994e-012;
0.081400000000001305;1.200130923459386e-012;
0.081500000000001308;1.3617779863819846e-012;
0.08160000000000131;1.5330896274701189e-012;
0.081700000000001313;1.5340437253819061e-012;
0.081800000000001316;1.4812959886478794e-012;
0.081900000000001319;1.5688173416600337e-012;
0.082000000000001322;1.336466636144007e-012;
0.082100000000001325;1.4332018644785949e-012;
0.082200000000001328;1.2900537842835957e-012;
0.08230000000000133;1.6226670614821748e-012;
0.082400000000001333;1.1059974550781115e-012;
0.082500000000001336;1.5513134396863415e-012;
0.082600000000001339;1.2421294461745225e-012;
0.082700000000001342;1.5541931890766802e-012;
0.082800000000001345;1.5313636860317392e-012;
0.082900000000001348;1.9122860846904066e-012;
0.08300000000000135;1.3149660397018814e-012;
0.083100000000001353;1.3959826133599917e-012;
0.083200000000001356;1.2122184766399924e-012;
0.083300000000001359;1.4722899548819113e-012;
0.083400000000001362;1.2804046017889092e-012;
0.083500000000001365;1.6710167321035141e-012;
0.083600000000001368;1.4259639476155161e-012;
0.083700000000001371;1.2848503727971861e-012;
0.083800000000001373;1.2831043736186154e-012;
0.083900000000001376;1.5163736152151719e-012;
0.084000000000001379;1.5375897170072372e-012;
0.084100000000001382;1.464776542246804e-012;
0.084200000000001385;1.2335170862173839e-012;
0.084300000000001388;1.5730939771294028e-012;
0.084400000000001391;1.3263070112665143e-012;
0.084500000000001393;1.5089283988967139e-012;
0.084600000000001396;1.2495002862239479e-012;
0.084700000000001399;1.2968547676711628e-012;
0.084800000000001402;1.4192691076206354e-012;
0.084900000000001405;1.3307892114677866e-012;
0.085000000000001408;1.4779043874119102e-012;
0.085100000000001411;1.2241227996534487e-012;
0.085200000000001413;1.4468934947733936e-012;
0.085300000000001416;1.5216638712955977e-012;
0.085400000000001419;1.5252409795232791e-012;
0.085500000000001422;1.2712465628783587e-012;
0.085600000000001425;1.4249566153770599e-012;
0.085700000000001428;1.5727716438235229e-012;
0.085800000000001431;1.3952025298968884e-012;
0.085900000000001434;1.3224229654038022e-012;
0.086000000000001436;1.4759870842900868e-012;
0.086100000000001439;1.5305015284641788e-012;
0.086200000000001442;1.1323498562421097e-012;
0.086300000000001445;1.3985414389072748e-012;
0.086400000000001448;1.4626904288467246e-012;
0.086500000000001451;1.5152442018120937e-012;
0.086600000000001454;1.2935146660383867e-012;
0.086700000000001456;1.2783712890346299e-012;
0.086800000000001459;1.4541397599932004e-012;
0.086900000000001462;1.4744276763054009e-012;
0.087000000000001465;1.6040276745732385e-012;
0.087100000000001468;1.8838808551330244e-012;
0.087200000000001471;1.3275325934022919e-012;
0.087300000000001474;1.2726534236173759e-012;
0.087400000000001477;1.299362635716339e-012;
0.087500000000001479;1.4624686010822341e-012;
0.087600000000001482;1.3009941431454952e-012;
0.087700000000001485;1.6234149441407553e-012;
0.087800000000001488;1.7096032705818387e-012;
0.087900000000001491;1.5419602443847436e-012;
0.088000000000001494;1.3852536739217269e-012;
0.088100000000001497;1.3953325257373694e-012;
0.088200000000001499;1.7423290457965757e-012;
0.088300000000001502;1.0816716446149233e-012;
0.088400000000001505;1.0358840521473844e-012;
0.088500000000001508;1.3391822373254314e-012;
0.088600000000001511;1.28414368982116e-012;
0.088700000000001514;1.9275869962698255e-012;
0.088800000000001517;1.1172534251924215e-012;
0.088900000000001519;1.4225489276126213e-012;
0.089000000000001522;1.256316990543016e-012;
0.089100000000001525;1.7138752439818661e-012;
0.089200000000001528;1.6380318325695531e-012;
0.089300000000001531;1.4966058991053299e-012;
0.089400000000001534;1.3178702920613183e-012;
0.089500000000001537;1.4228115213787973e-012;
0.08960000000000154;1.654459447046619e-012;
0.089700000000001542;1.4811172037096365e-012;
0.089800000000001545;1.1815150637375926e-012;
0.089900000000001548;1.4296024216861603e-012;
0.090000000000001551;1.4508237276486535e-012;
0.090100000000001554;1.4548917626200364e-012;
0.090200000000001557;1.4063615723369782e-012;
0.09030000000000156;1.2914709449432515e-012;
0.090400000000001562;1.4713552641890115e-012;
0.090500000000001565;1.3318052173236228e-012;
0.090600000000001568;1.2238387386842575e-012;
0.090700000000001571;1.505055303475944e-012;
0.090800000000001574;1.3153867101448058e-012;
0.090900000000001577;1.2230272133581521e-012;
0.09100000000000158;1.5772377978326424e-012;
0.091100000000001582;1.3596810309601803e-012;
0.091200000000001585;1.5984567185503562e-012;
0.091300000000001588;1.4629567089002871e-012;
0.091400000000001591;1.4667308166627091e-012;
0.091500000000001594;1.2021816918686423e-012;
0.091600000000001597;1.4886275805786608e-012;
0.0917000000000016;1.1932280250676053e-012;
0.091800000000001603;1.3668773144598356e-012;
0.091900000000001605;1.0515506651195827e-012;
0.092000000000001608;1.4017101281765809e-012;
0.092100000000001611;1.7438791296425782e-012;
0.092200000000001614;1.3426659957460618e-012;
0.092300000000001617;1.2885959660424717e-012;
0.09240000000000162;1.5653271864465856e-012;
0.092500000000001623;1.4649543514030916e-012;
0.092600000000001625;1.4812512110981557e-012;
0.092700000000001628;1.5853112008898385e-012;
0.092800000000001631;1.3686364324846934e-012;
0.092900000000001634;1.4173032322414847e-012;
0.093000000000001637;1.5676688462987198e-012;
0.09310000000000164;1.3642623272400178e-012;
0.093200000000001643;1.2947249609235323e-012;
0.093300000000001646;1.4701985288911867e-012;
0.093400000000001648;1.2144814234144041e-012;
0.093500000000001651;1.3150501737904663e-012;
0.093600000000001654;1.3087889062443625e-012;
0.093700000000001657;1.529775329849048e-012;
0.09380000000000166;1.6788510685816771e-012;
0.093900000000001663;1.4439383933320671e-012;
0.094000000000001666;1.3897479087671138e-012;
0.094100000000001668;1.0764886161293563e-012;
0.094200000000001671;1.2262343918045815e-012;
0.094300000000001674;1.2300562044625929e-012;
0.094400000000001677;1.1850669100546551e-012;
0.09450000000000168;1.5810180855474476e-012;
0.094600000000001683;1.4071883849137157e-012;
0.094700000000001686;1.2262343918045815e-012;
0.094800000000001688;1.5188593655360294e-012;
0.094900000000001691;1.5112278832843384e-012;
0.095000000000001694;1.4158620022935997e-012;
0.095100000000001697;1.3080335425907919e-012;
0.0952000000000017;1.3894449826801214e-012;
0.095300000000001703;1.8055058316479577e-012;
0.095400000000001706;1.4326746169621152e-012;
0.095500000000001709;1.4398415185828961e-012;
0.095600000000001711;1.1219505142642805e-012;
0.095700000000001714;1.188744090142857e-012;
0.095800000000001717;1.4858091970312848e-012;
0.09590000000000172;1.6343714576150248e-012;
0.096000000000001723;1.7549424370308375e-012;
0.096100000000001726;1.1965166270971883e-012;
0.096200000000001729;1.2942658013034847e-012;
0.096300000000001731;1.4127208517594747e-012;
0.096400000000001734;1.3233511508836671e-012;
0.096500000000001737;1.1752227880093558e-012;
0.09660000000000174;1.2342099998258194e-012;
0.096700000000001743;1.5294123389616998e-012;
0.096800000000001746;1.4283745627258204e-012;
0.096900000000001749;1.3450901633835222e-012;
0.097000000000001751;1.3685936064988802e-012;
0.097100000000001754;1.3966328094028313e-012;
0.097200000000001757;1.2665354875984747e-012;
0.09730000000000176;1.4782165292173688e-012;
0.097400000000001763;1.6408499992764947e-012;
0.097500000000001766;1.0867904883318791e-012;
0.097600000000001769;1.5624827820470699e-012;
0.097700000000001772;1.5584039050539622e-012;
0.097800000000001774;1.3906994045936871e-012;
0.097900000000001777;1.3283358787918864e-012;
0.09800000000000178;1.2639358960495062e-012;
0.098100000000001783;1.3508403380255163e-012;
0.098200000000001786;1.4865244452044735e-012;
0.098300000000001789;1.2832290568684512e-012;
0.098400000000001792;1.4385209603368088e-012;
0.098500000000001794;1.7408766485663141e-012;
0.098600000000001797;1.3777934956132887e-012;
0.0987000000000018;1.3956792535921303e-012;
0.098800000000001803;1.1536080250784675e-012;
0.098900000000001806;1.0761842805795396e-012;
0.099000000000001809;1.1727184978313487e-012;
0.099100000000001812;1.4800013428337144e-012;
0.099200000000001815;1.1377046223517984e-012;
0.099300000000001817;1.2021010272270094e-012;
0.09940000000000182;1.6040741868464381e-012;
0.099500000000001823;1.2903454346679943e-012;
0.099600000000001826;1.1700581909607211e-012;
0.099700000000001829;1.2445429886306925e-012;
0.099800000000001832;1.6094685263354225e-012;
0.099900000000001835;1.2289172500803969e-012;
0.10000000000000184;1.3136622865894676e-012;
