Time;Power;
0;3.2853119530384944e-011;
0.0001;2.6352949336616582e-011;
0.00020000000000000001;2.8221756528945541e-011;
0.00030000000000000003;2.6001941919040483e-011;
0.00040000000000000002;2.595594052190453e-011;
0.00050000000000000001;2.9046055491366296e-011;
0.00060000000000000006;2.5361466399198562e-011;
0.0007000000000000001;3.0096990871752993e-011;
0.00080000000000000015;2.3381402716737831e-011;
0.00090000000000000019;3.0401268308333229e-011;
0.0010000000000000002;3.0722726446219539e-011;
0.0011000000000000003;2.7378214279005775e-011;
0.0012000000000000003;2.7023095566791611e-011;
0.0013000000000000004;2.425854135623684e-011;
0.0014000000000000004;2.7826733972613482e-011;
0.0015000000000000005;3.2407999894790152e-011;
0.0016000000000000005;3.2899398483277054e-011;
0.0017000000000000006;3.2233639368772771e-011;
0.0018000000000000006;3.6649617368711418e-011;
0.0019000000000000006;3.6413240478427866e-011;
0.0020000000000000005;3.2584303311100626e-011;
0.0021000000000000003;2.8897955209328252e-011;
0.0022000000000000001;2.984352695523107e-011;
0.0023;2.9720798738752663e-011;
0.0023999999999999998;3.1003987571720515e-011;
0.0024999999999999996;3.9657957473515637e-011;
0.0025999999999999994;2.9501200093928759e-011;
0.0026999999999999993;2.4564145856276198e-011;
0.0027999999999999991;2.6700051891648258e-011;
0.0028999999999999989;2.8973143328947515e-011;
0.0029999999999999988;2.4379939039809173e-011;
0.0030999999999999986;3.187016275885135e-011;
0.0031999999999999984;2.4027627110179139e-011;
0.0032999999999999982;3.0656473887225033e-011;
0.0033999999999999981;3.1128315203243773e-011;
0.0034999999999999979;2.7729858340097557e-011;
0.0035999999999999977;2.8073054297861333e-011;
0.0036999999999999976;3.2495360569040344e-011;
0.0037999999999999974;2.7216444375977034e-011;
0.0038999999999999972;2.8890461203912032e-011;
0.0039999999999999975;3.2860061893735804e-011;
0.0040999999999999977;3.065788942158143e-011;
0.004199999999999998;2.6063340721749206e-011;
0.0042999999999999983;2.6251348317352097e-011;
0.0043999999999999985;2.6760177407325614e-011;
0.0044999999999999988;2.9662227535309782e-011;
0.0045999999999999991;2.4109341259515027e-011;
0.0046999999999999993;3.2063900146095392e-011;
0.0047999999999999996;3.0314750709692362e-011;
0.0048999999999999998;3.1122993071619476e-011;
0.0050000000000000001;3.0560467351170573e-011;
0.0051000000000000004;3.4336405246859769e-011;
0.0052000000000000006;3.4892200240221882e-011;
0.0053000000000000009;3.1559841545680811e-011;
0.0054000000000000012;2.7241518069098802e-011;
0.0055000000000000014;2.917095384691315e-011;
0.0056000000000000017;2.6712564452080478e-011;
0.0057000000000000019;2.2426147744392111e-011;
0.0058000000000000022;2.4314590271745651e-011;
0.0059000000000000025;2.5146313850643587e-011;
0.0060000000000000027;3.4080634148114797e-011;
0.006100000000000003;2.4024570527414468e-011;
0.0062000000000000033;2.399329172841913e-011;
0.0063000000000000035;2.5131414310708422e-011;
0.0064000000000000038;2.3960057896066367e-011;
0.006500000000000004;3.2756460738303517e-011;
0.0066000000000000043;2.8737843701942545e-011;
0.0067000000000000046;2.7503709379428365e-011;
0.0068000000000000048;3.0503502501666446e-011;
0.0069000000000000051;2.6942295616727563e-011;
0.0070000000000000053;3.0528024552722854e-011;
0.0071000000000000056;3.4871397436297968e-011;
0.0072000000000000059;2.7903613447621822e-011;
0.0073000000000000061;2.8563264600767191e-011;
0.0074000000000000064;2.5802903216853856e-011;
0.0075000000000000067;2.9210599217233124e-011;
0.0076000000000000069;2.6805552569286739e-011;
0.0077000000000000072;2.8094441703596651e-011;
0.0078000000000000074;3.0288899860453355e-011;
0.0079000000000000077;2.7226778123723427e-011;
0.0080000000000000071;3.2312628267527899e-011;
0.0081000000000000065;3.2376681197154866e-011;
0.0082000000000000059;2.5728599806207342e-011;
0.0083000000000000053;2.6083196366655237e-011;
0.0084000000000000047;2.5295368230593418e-011;
0.0085000000000000041;3.0796792199749845e-011;
0.0086000000000000035;2.3160005163669339e-011;
0.0087000000000000029;2.955602429466353e-011;
0.0088000000000000023;2.9937601009333292e-011;
0.0089000000000000017;2.6507608608117295e-011;
0.0090000000000000011;2.822643507816025e-011;
0.0091000000000000004;3.1005420453311672e-011;
0.0091999999999999998;2.4892712890967061e-011;
0.0092999999999999992;2.190385026135111e-011;
0.0093999999999999986;3.2363115659572728e-011;
0.009499999999999998;3.0095783504213713e-011;
0.0095999999999999974;3.4026472611747849e-011;
0.0096999999999999968;3.1405249928395662e-011;
0.0097999999999999962;2.7527188861675711e-011;
0.0098999999999999956;2.5529503858146008e-011;
0.009999999999999995;2.8939782861781005e-011;
0.010099999999999994;3.7709245448436235e-011;
0.010199999999999994;3.3879614391718604e-011;
0.010299999999999993;2.3386369230049553e-011;
0.010399999999999993;2.6514219639284242e-011;
0.010499999999999992;2.0448798904171284e-011;
0.010599999999999991;3.0130412054241162e-011;
0.010699999999999991;2.0735475836364259e-011;
0.01079999999999999;2.8455531334015127e-011;
0.01089999999999999;3.4057940495602068e-011;
0.010999999999999989;3.1327378191559063e-011;
0.011099999999999988;3.0640833620365626e-011;
0.011199999999999988;2.9908703985670471e-011;
0.011299999999999987;3.4069282117688005e-011;
0.011399999999999987;2.4418359695355107e-011;
0.011499999999999986;2.8485481334827867e-011;
0.011599999999999985;2.632960169335341e-011;
0.011699999999999985;3.4597453374418663e-011;
0.011799999999999984;2.7041409042527498e-011;
0.011899999999999984;3.0692844099622363e-011;
0.011999999999999983;2.7156948564921457e-011;
0.012099999999999982;3.35101286996764e-011;
0.012199999999999982;2.668639961789232e-011;
0.012299999999999981;2.9561009889933487e-011;
0.01239999999999998;3.628207803640926e-011;
0.01249999999999998;2.5659979349668127e-011;
0.012599999999999979;2.7565894011871706e-011;
0.012699999999999979;3.1767522640224755e-011;
0.012799999999999978;2.7667299007383406e-011;
0.012899999999999977;2.7059727722433813e-011;
0.012999999999999977;2.8508199273469259e-011;
0.013099999999999976;2.146820221593515e-011;
0.013199999999999976;2.6821512025265726e-011;
0.013299999999999975;2.2669859045532093e-011;
0.013399999999999974;3.1284065615810874e-011;
0.013499999999999974;2.0380835907829464e-011;
0.013599999999999973;2.9971334442047137e-011;
0.013699999999999973;2.8474712171489003e-011;
0.013799999999999972;3.6978385631325494e-011;
0.013899999999999971;3.406650309067949e-011;
0.013999999999999971;3.332477696571523e-011;
0.01409999999999997;2.9408017687693189e-011;
0.01419999999999997;2.533339336918683e-011;
0.014299999999999969;3.0285066121571447e-011;
0.014399999999999968;2.7704944241535578e-011;
0.014499999999999968;2.7191181597996383e-011;
0.014599999999999967;2.6956959234269995e-011;
0.014699999999999967;2.6120494656112214e-011;
0.014799999999999966;3.1958036911250431e-011;
0.014899999999999965;3.2630811247491565e-011;
0.014999999999999965;2.4794149372509011e-011;
0.015099999999999964;3.2032741043019897e-011;
0.015199999999999964;2.8412688868328928e-011;
0.015299999999999963;2.5415631405012462e-011;
0.015399999999999962;2.4276252882926563e-011;
0.015499999999999962;2.9332071493914924e-011;
0.015599999999999961;2.7653218256928902e-011;
0.015699999999999961;2.70849228461989e-011;
0.01579999999999996;3.3238634067345174e-011;
0.015899999999999959;3.0044283033658914e-011;
0.015999999999999959;2.5934079536660271e-011;
0.016099999999999958;2.7896445570219086e-011;
0.016199999999999957;2.3232270274231581e-011;
0.016299999999999957;3.0830595021402729e-011;
0.016399999999999956;2.8819125905132914e-011;
0.016499999999999956;2.7232523527875863e-011;
0.016599999999999955;2.9381764382607756e-011;
0.016699999999999954;2.8926161813047635e-011;
0.016799999999999954;3.2617186729311243e-011;
0.016899999999999953;2.8406624275056913e-011;
0.016999999999999953;2.9607306190060356e-011;
0.017099999999999952;2.5487258137335544e-011;
0.017199999999999951;3.2537826599732256e-011;
0.017299999999999951;2.5200062522823252e-011;
0.01739999999999995;2.7300143048969439e-011;
0.01749999999999995;2.5743863638072462e-011;
0.017599999999999949;2.6977536524142032e-011;
0.017699999999999948;2.7391849205526952e-011;
0.017799999999999948;2.5442639314809945e-011;
0.017899999999999947;3.0530664801853291e-011;
0.017999999999999947;3.3833932183702231e-011;
0.018099999999999946;2.9805862639120662e-011;
0.018199999999999945;3.1667515831834692e-011;
0.018299999999999945;2.5504482206728518e-011;
0.018399999999999944;3.0538568202009841e-011;
0.018499999999999944;2.794743082790152e-011;
0.018599999999999943;3.1824202995078821e-011;
0.018699999999999942;3.2273222289047609e-011;
0.018799999999999942;2.3285880168533168e-011;
0.018899999999999941;2.7374763914012057e-011;
0.018999999999999941;2.7480434594551184e-011;
0.01909999999999994;3.1235659891937217e-011;
0.019199999999999939;2.5753730745203818e-011;
0.019299999999999939;2.536460624869008e-011;
0.019399999999999938;3.1985216558672036e-011;
0.019499999999999938;3.7281296105806661e-011;
0.019599999999999937;2.595370272862052e-011;
0.019699999999999936;2.5031282602228089e-011;
0.019799999999999936;2.984352695523107e-011;
0.019899999999999935;2.8219416386976448e-011;
0.019999999999999934;3.2940233873901548e-011;
0.020099999999999934;2.78786230212269e-011;
0.020199999999999933;3.2711541808616573e-011;
0.020299999999999933;2.7250713838244955e-011;
0.020399999999999932;3.5904307305045791e-011;
0.020499999999999931;2.4530702122382841e-011;
0.020599999999999931;3.3497388890468827e-011;
0.02069999999999993;3.0616262997051891e-011;
0.02079999999999993;2.4561968778313847e-011;
0.020899999999999929;2.7995935431013308e-011;
0.020999999999999928;2.9070777035622442e-011;
0.021099999999999928;2.7411439437741159e-011;
0.021199999999999927;2.1989611520556451e-011;
0.021299999999999927;2.3695911552379378e-011;
0.021399999999999926;2.4954619967654246e-011;
0.021499999999999925;2.9660825878741193e-011;
0.021599999999999925;3.4162284112682073e-011;
0.021699999999999924;3.1299872416123975e-011;
0.021799999999999924;3.0698128067330188e-011;
0.021899999999999923;2.5946038720303655e-011;
0.021999999999999922;2.6895470225940521e-011;
0.022099999999999922;3.0080288954126289e-011;
0.022199999999999921;2.6602511860041034e-011;
0.022299999999999921;2.8697733425731009e-011;
0.02239999999999992;2.7489670262337285e-011;
0.022499999999999919;2.6760177407325614e-011;
0.022599999999999919;2.0118509289068776e-011;
0.022699999999999918;2.7949758826806281e-011;
0.022799999999999918;2.5256635324821808e-011;
0.022899999999999917;2.9000205015172753e-011;
0.022999999999999916;3.6297551769814973e-011;
0.023099999999999916;2.6692087776170048e-011;
0.023199999999999915;3.1201430328309243e-011;
0.023299999999999915;2.8130230783629528e-011;
0.023399999999999914;3.4182656705183945e-011;
0.023499999999999913;2.9339617541035423e-011;
0.023599999999999913;2.8588567277387789e-011;
0.023699999999999912;3.2799731680688282e-011;
0.023799999999999912;3.1120328536360375e-011;
0.023899999999999911;2.2922445191975171e-011;
0.02399999999999991;2.7232523527875863e-011;
0.02409999999999991;3.1295969288303027e-011;
0.024199999999999909;3.1951403328678296e-011;
0.024299999999999908;2.7958099377278778e-011;
0.024399999999999908;2.956978759072193e-011;
0.024499999999999907;2.9981371552079139e-011;
0.024599999999999907;3.5028202560738464e-011;
0.024699999999999906;3.044396332252397e-011;
0.024799999999999905;2.7649549316777211e-011;
0.024899999999999905;3.3295134010957739e-011;
0.024999999999999904;3.0117526528261607e-011;
0.025099999999999904;3.202319312500812e-011;
0.025199999999999903;3.4107841551112017e-011;
0.025299999999999902;3.4282257588280629e-011;
0.025399999999999902;3.3610871030820277e-011;
0.025499999999999901;2.7529499513345712e-011;
0.025599999999999901;2.6067833655551986e-011;
0.0256999999999999;2.9767219938969802e-011;
0.025799999999999899;2.4913581614383062e-011;
0.025899999999999899;3.0893163027734261e-011;
0.025999999999999898;3.3023035694856873e-011;
0.026099999999999898;2.7648392256218735e-011;
0.026199999999999897;2.8208704469512291e-011;
0.026299999999999896;2.6790932319831207e-011;
0.026399999999999896;2.7564738686036705e-011;
0.026499999999999895;2.9519935107469308e-011;
0.026599999999999895;3.2358941914889527e-011;
0.026699999999999894;2.5959307620171401e-011;
0.026799999999999893;3.043485255482814e-011;
0.026899999999999893;3.1952645390687096e-011;
0.026999999999999892;3.5005845444580075e-011;
0.027099999999999892;2.834701917642235e-011;
0.027199999999999891;2.4172608359407377e-011;
0.02729999999999989;2.8261138221297166e-011;
0.02739999999999989;2.2681393221923862e-011;
0.027499999999999889;2.8698913037694673e-011;
0.027599999999999889;3.2221558754486068e-011;
0.027699999999999888;2.8092106765797986e-011;
0.027799999999999887;3.4493304046367967e-011;
0.027899999999999887;3.4732883236188172e-011;
0.027999999999999886;3.3010382621823098e-011;
0.028099999999999885;3.7752509451927097e-011;
0.028199999999999885;3.0753847385378563e-011;
0.028299999999999884;3.0389739336111887e-011;
0.028399999999999884;2.8942345048355023e-011;
0.028499999999999883;2.5841120909753101e-011;
0.028599999999999882;3.1844488851406894e-011;
0.028699999999999882;3.2123546878093379e-011;
0.028799999999999881;3.1107231374116751e-011;
0.028899999999999881;2.5330067904283382e-011;
0.02899999999999988;2.3728963238767165e-011;
0.029099999999999879;2.8505848723159311e-011;
0.029199999999999879;2.4095291734083091e-011;
0.029299999999999878;2.6535756231238494e-011;
0.029399999999999878;3.2748061207232837e-011;
0.029499999999999877;3.1631190722247737e-011;
0.029599999999999876;3.0757917046653205e-011;
0.029699999999999876;2.9075720997528975e-011;
0.029799999999999875;3.1771446584727414e-011;
0.029899999999999875;3.0743473738992222e-011;
0.029999999999999874;2.9797251471785913e-011;
0.030099999999999873;3.1417177887016479e-011;
0.030199999999999873;2.7455249879126953e-011;
0.030299999999999872;2.7527188861675711e-011;
0.030399999999999872;2.6095190244768141e-011;
0.030499999999999871;2.9412996344069242e-011;
0.03059999999999987;2.881538063714828e-011;
0.03069999999999987;2.9837316645187073e-011;
0.030799999999999869;2.8351709868701391e-011;
0.030899999999999869;3.1243452269791305e-011;
0.030999999999999868;2.6562977512023522e-011;
0.031099999999999867;2.6320752868902453e-011;
0.031199999999999867;3.0502288195233263e-011;
0.03129999999999987;2.1631866436999658e-011;
0.031399999999999872;3.0232195219470626e-011;
0.031499999999999875;2.5733066719157982e-011;
0.031599999999999878;2.9267529372267731e-011;
0.031699999999999881;2.5140979575954958e-011;
0.031799999999999884;2.7827896237342387e-011;
0.031899999999999887;2.8665313178688479e-011;
0.03199999999999989;3.26021050434111e-011;
0.032099999999999893;3.5309734303101692e-011;
0.032199999999999895;2.854895833626081e-011;
0.032299999999999898;3.3108897568023821e-011;
0.032399999999999901;2.9654636385378907e-011;
0.032499999999999904;3.3116072384320461e-011;
0.032599999999999907;3.0883989809993295e-011;
0.03269999999999991;2.8049344097391682e-011;
0.032799999999999913;2.248438761565108e-011;
0.032899999999999915;2.096413494190319e-011;
0.032999999999999918;2.629986332880474e-011;
0.033099999999999921;2.9049615143939e-011;
0.033199999999999924;2.8491549397546834e-011;
0.033299999999999927;2.8511918520601753e-011;
0.03339999999999993;3.4427186795804587e-011;
0.033499999999999933;2.80103058802883e-011;
0.033599999999999935;2.5313820484207383e-011;
0.033699999999999938;2.6896611673987714e-011;
0.033799999999999941;2.5078841781045469e-011;
0.033899999999999944;2.985595798365992e-011;
0.033999999999999947;3.3231653540077843e-011;
0.03409999999999995;2.8905251456268211e-011;
0.034199999999999953;2.2151624284871829e-011;
0.034299999999999956;3.0446593163313551e-011;
0.034399999999999958;2.5726552832505689e-011;
0.034499999999999961;3.4005073062948199e-011;
0.034599999999999964;2.6826072613284069e-011;
0.034699999999999967;2.347996276574893e-011;
0.03479999999999997;3.6739399716934074e-011;
0.034899999999999973;2.4559963437975618e-011;
0.034999999999999976;3.4117913355613538e-011;
0.035099999999999978;3.2474870015342105e-011;
0.035199999999999981;2.8006612654007945e-011;
0.035299999999999984;2.411348377917566e-011;
0.035399999999999987;2.794626682844914e-011;
0.03549999999999999;2.7388391901639331e-011;
0.035599999999999993;2.7479279268716184e-011;
0.035699999999999996;2.6075515011103612e-011;
0.035799999999999998;3.2670428862235923e-011;
0.035900000000000001;3.2735255478533176e-011;
0.036000000000000004;2.5161038183507678e-011;
0.036100000000000007;2.6227102087328369e-011;
0.03620000000000001;2.7162687030179988e-011;
0.036300000000000013;2.9789639505173326e-011;
0.036400000000000016;2.9575970145190311e-011;
0.036500000000000019;2.6453233700762802e-011;
0.036600000000000021;3.4818342653508694e-011;
0.036700000000000024;2.7090654372563527e-011;
0.036800000000000027;2.6004188385941873e-011;
0.03690000000000003;2.9325909756128254e-011;
0.037000000000000033;2.7934436014342978e-011;
0.037100000000000036;2.1914841469294899e-011;
0.037200000000000039;2.5159933164653481e-011;
0.037300000000000041;3.4499125778353346e-011;
0.037400000000000044;2.9440255788770742e-011;
0.037500000000000047;3.3442207336698004e-011;
0.03760000000000005;2.9142428054074188e-011;
0.037700000000000053;2.8031667265171478e-011;
0.037800000000000056;3.4292350209463862e-011;
0.037900000000000059;2.9399267742480362e-011;
0.038000000000000062;2.4906257611867488e-011;
0.038100000000000064;2.9345782748269045e-011;
0.038200000000000067;3.47460740734995e-011;
0.03830000000000007;3.3953746064740997e-011;
0.038400000000000073;3.2914761194380304e-011;
0.038500000000000076;2.7786495326864724e-011;
0.038600000000000079;3.2864266863441571e-011;
0.038700000000000082;3.0565740910537542e-011;
0.038800000000000084;3.1371544251257433e-011;
0.038900000000000087;2.5490406660444442e-011;
0.03900000000000009;2.6083196366655237e-011;
0.039100000000000093;2.8193114509633688e-011;
0.039200000000000096;2.9038542403991841e-011;
0.039300000000000099;2.9894853953438272e-011;
0.039400000000000102;2.8918862096660725e-011;
0.039500000000000104;2.4381026711428611e-011;
0.039600000000000107;2.9778429722071564e-011;
0.03970000000000011;2.4243005172785992e-011;
0.039800000000000113;2.6267888905695536e-011;
0.039900000000000116;2.9620878666536399e-011;
0.040000000000000119;2.9381764382607756e-011;
0.040100000000000122;3.8368811600131281e-011;
0.040200000000000125;2.9730801154315145e-011;
0.040300000000000127;2.6942295616727563e-011;
0.04040000000000013;2.4442293675153159e-011;
0.040500000000000133;2.5985484597423891e-011;
0.040600000000000136;2.6275599751546252e-011;
0.040700000000000139;3.0692844099622363e-011;
0.040800000000000142;2.9379377403104812e-011;
0.040900000000000145;2.5976694753571117e-011;
0.041000000000000147;3.5266584791360245e-011;
0.04110000000000015;2.9322134997844529e-011;
0.041200000000000153;2.9991623767822162e-011;
0.041300000000000156;3.1437331904360377e-011;
0.041400000000000159;3.144412161204535e-011;
0.041500000000000162;3.3688975220602657e-011;
0.041600000000000165;2.460798752268456e-011;
0.041700000000000167;3.0582578136595373e-011;
0.04180000000000017;3.1460171273645088e-011;
0.041900000000000173;3.0343238338614853e-011;
0.042000000000000176;3.6461073743554451e-011;
0.042100000000000179;2.8006612654007945e-011;
0.042200000000000182;2.7279447797901035e-011;
0.042300000000000185;2.8213376079833097e-011;
0.042400000000000188;3.6420765708866654e-011;
0.04250000000000019;2.7036829372550919e-011;
0.042600000000000193;2.6811254605352275e-011;
0.042700000000000196;2.5519678384378075e-011;
0.042800000000000199;3.1164758274027093e-011;
0.042900000000000202;2.4829601916187549e-011;
0.043000000000000205;2.5102000339449759e-011;
0.043100000000000208;2.5542477855022838e-011;
0.04320000000000021;2.515367254762868e-011;
0.043300000000000213;3.8297719162638799e-011;
0.043400000000000216;2.3067230417450624e-011;
0.043500000000000219;2.8737843701942545e-011;
0.043600000000000222;3.1328609845227007e-011;
0.043700000000000225;2.5628396974064493e-011;
0.043800000000000228;3.0019958741078767e-011;
0.043900000000000231;3.0854228894039437e-011;
0.044000000000000233;3.0102222797756539e-011;
0.044100000000000236;3.1615099427284576e-011;
0.044200000000000239;2.5198038100526787e-011;
0.044300000000000242;2.4931529063465518e-011;
0.044400000000000245;2.5644746742825575e-011;
0.044500000000000248;2.5439494261147999e-011;
0.044600000000000251;2.7997101165189164e-011;
0.044700000000000253;2.7083777928704755e-011;
0.044800000000000256;2.8306405830402781e-011;
0.044900000000000259;2.3932770695789252e-011;
0.045000000000000262;3.0519104604609382e-011;
0.045100000000000265;2.9649643851215046e-011;
0.045200000000000268;2.6539159758698361e-011;
0.045300000000000271;2.885970629140644e-011;
0.045400000000000273;3.2663718951830845e-011;
0.045500000000000276;2.7036829372550919e-011;
0.045600000000000279;2.9371820947643457e-011;
0.045700000000000282;3.1064071454034448e-011;
0.045800000000000285;2.9163425147027411e-011;
0.045900000000000288;2.8159813023065361e-011;
0.046000000000000291;2.4105375681648944e-011;
0.046100000000000294;3.0946609858029106e-011;
0.046200000000000296;3.1748503132034145e-011;
0.046300000000000299;3.2539082539528863e-011;
0.046400000000000302;3.0345663482034269e-011;
0.046500000000000305;2.6938867803139033e-011;
0.046600000000000308;2.8686924363752198e-011;
0.046700000000000311;2.8308749441818826e-011;
0.046800000000000314;2.9738402712586876e-011;
0.046900000000000316;2.5877130299667428e-011;
0.047000000000000319;3.2293650392700712e-011;
0.047100000000000322;2.9652235528088156e-011;
0.047200000000000325;3.5191023706193647e-011;
0.047300000000000328;2.44069365412658e-011;
0.047400000000000331;2.8019623080077771e-011;
0.047500000000000334;2.8391181766673768e-011;
0.047600000000000336;3.3389825626617409e-011;
0.047700000000000339;3.3444969016471759e-011;
0.047800000000000342;3.4940977194919398e-011;
0.047900000000000345;3.4510758833983246e-011;
0.048000000000000348;3.1181963261461831e-011;
0.048100000000000351;2.4695601466562245e-011;
0.048200000000000354;2.397406578813488e-011;
0.048300000000000357;2.5976694753571117e-011;
0.048400000000000359;3.0553979485370419e-011;
0.048500000000000362;3.2829149121393897e-011;
0.048600000000000365;2.6505339589810717e-011;
0.048700000000000368;3.2488668005870025e-011;
0.048800000000000371;2.7890630777127612e-011;
0.048900000000000374;3.2630811247491565e-011;
0.049000000000000377;3.4440318652517732e-011;
0.049100000000000379;3.3437964203075765e-011;
0.049200000000000382;2.9027474868215108e-011;
0.049300000000000385;2.7636625626881184e-011;
0.049400000000000388;2.176670475806386e-011;
0.049500000000000391;3.2778724179394203e-011;
0.049600000000000394;2.9797251471785913e-011;
0.049700000000000397;2.950757693742645e-011;
0.0498000000000004;2.8619566785903494e-011;
0.049900000000000402;3.2360399082609348e-011;
0.050000000000000405;2.8809276145236318e-011;
0.050100000000000408;2.9922547079008766e-011;
0.050200000000000411;2.9827296882389831e-011;
0.050300000000000414;2.9579765720155748e-011;
0.050400000000000417;3.0586429222712042e-011;
0.05050000000000042;3.4248541502801544e-011;
0.050600000000000422;2.5221984223389171e-011;
0.050700000000000425;2.6338261432945487e-011;
0.050800000000000428;3.0803307821125614e-011;
0.050900000000000431;3.3323292042419794e-011;
0.051000000000000434;2.5206324874571528e-011;
0.051100000000000437;2.8731742679477534e-011;
0.05120000000000044;3.1503188946402361e-011;
0.051300000000000442;2.7442560376900182e-011;
0.051400000000000445;2.8858523209995823e-011;
0.051500000000000448;3.3169505336827498e-011;
0.051600000000000451;2.4264689216235702e-011;
0.051700000000000454;2.184208369726548e-011;
0.051800000000000457;2.8721915470986126e-011;
0.05190000000000046;2.6737405692256466e-011;
0.052000000000000463;2.988362682310175e-011;
0.052100000000000465;3.7141872910595453e-011;
0.052200000000000468;3.1360858354645416e-011;
0.052300000000000471;3.2630811247491565e-011;
0.052400000000000474;2.476474754431468e-011;
0.052500000000000477;3.5269634435231012e-011;
0.05260000000000048;2.7008414602014419e-011;
0.052700000000000483;2.7759234147439749e-011;
0.052800000000000485;2.3247126446079847e-011;
0.052900000000000488;2.8194479737009281e-011;
0.053000000000000491;2.7463127258431363e-011;
0.053100000000000494;2.655163415521411e-011;
0.053200000000000497;2.9934988515778471e-011;
0.0533000000000005;2.3535813922781479e-011;
0.053400000000000503;2.7289793688711761e-011;
0.053500000000000505;2.5165270908789061e-011;
0.053600000000000508;3.4145134636398566e-011;
0.053700000000000511;2.7998265164641545e-011;
0.053800000000000514;2.9743402185644641e-011;
0.053900000000000517;2.8109998703729211e-011;
0.05400000000000052;2.5012382789957321e-011;
0.054100000000000523;2.7689689083287838e-011;
0.054200000000000526;2.871935675385906e-011;
0.054300000000000528;3.1442889958377407e-011;
0.054400000000000531;2.4941975568237851e-011;
0.054500000000000534;2.4609989393575837e-011;
0.054600000000000537;2.8721915470986126e-011;
0.05470000000000054;2.6277858361511974e-011;
0.054800000000000543;2.1717953824218483e-011;
0.054900000000000546;3.2625364215776997e-011;
0.055000000000000548;3.2300322139189319e-011;
0.055100000000000551;2.8700092649658338e-011;
0.055200000000000554;3.1590764726363574e-011;
0.055300000000000557;3.3176482394647877e-011;
0.05540000000000056;3.2766119678617756e-011;
0.055500000000000563;2.7715565953378984e-011;
0.055600000000000566;2.9669620926764395e-011;
0.055700000000000569;3.2013645206996344e-011;
0.055800000000000571;3.0072642293044183e-011;
0.055900000000000574;2.3988261030338798e-011;
0.056000000000000577;2.9829701209127535e-011;
0.05610000000000058;3.4463789461147698e-011;
0.056200000000000583;2.3412275590439791e-011;
0.056300000000000586;2.5727487848459241e-011;
0.056400000000000589;2.2699567919781671e-011;
0.056500000000000591;3.5036893525353108e-011;
0.056600000000000594;2.5302012221506409e-011;
0.056700000000000597;2.9209409196928604e-011;
0.0568000000000006;2.4188121991453038e-011;
0.056900000000000603;3.0610985968237969e-011;
0.057000000000000606;2.8474712171489003e-011;
0.057100000000000609;2.6152378873600668e-011;
0.057200000000000611;3.1501953823287465e-011;
0.057300000000000614;2.8933661022634283e-011;
0.057400000000000617;3.1545006190514258e-011;
0.05750000000000062;2.8686924363752198e-011;
0.057600000000000623;2.8273036689618891e-011;
0.057700000000000626;2.5809425777123529e-011;
0.057800000000000629;3.0212832236031772e-011;
0.057900000000000632;2.5945101969626627e-011;
0.058000000000000634;2.7494282892059907e-011;
0.058100000000000637;2.5238198683719126e-011;
0.05820000000000064;3.2213228612354428e-011;
0.058300000000000643;2.5882726517600929e-011;
0.058400000000000646;2.5325821301214191e-011;
0.058500000000000649;2.7305895392015778e-011;
0.058600000000000652;3.0402680373242674e-011;
0.058700000000000654;3.2485947959459693e-011;
0.058800000000000657;2.9790839933818702e-011;
0.05890000000000066;2.4904245332635355e-011;
0.059000000000000663;3.0207791129610584e-011;
0.059100000000000666;2.4050829036670329e-011;
0.059200000000000669;3.0828152530748554e-011;
0.059300000000000672;3.2973929142698921e-011;
0.059400000000000674;3.4024973810664605e-011;
0.059500000000000677;2.9437865339820846e-011;
0.05960000000000068;2.5120934846190046e-011;
0.059700000000000683;3.2675879363397442e-011;
0.059800000000000686;2.3816252789354841e-011;
0.059900000000000689;2.5539325862466988e-011;
0.060000000000000692;3.0542422757573462e-011;
0.060100000000000695;3.1385106319392619e-011;
0.060200000000000697;3.0502288195233263e-011;
0.0603000000000007;3.3038637797799808e-011;
0.060400000000000703;2.3268003843113227e-011;
0.060500000000000706;3.0425949953949427e-011;
0.060600000000000709;2.47773468409207e-011;
0.060700000000000712;2.8942345048355023e-011;
0.060800000000000715;2.4656058444927353e-011;
0.060900000000000717;3.066419340669313e-011;
0.06100000000000072;2.6692087776170048e-011;
0.061100000000000723;2.7960427376183539e-011;
0.061200000000000726;2.4288548602924287e-011;
0.061300000000000729;3.1839104269737462e-011;
0.061400000000000732;2.7421811349404024e-011;
0.061500000000000735;3.3030203572259609e-011;
0.061600000000000737;3.1970277120096924e-011;
0.06170000000000074;2.69445819822689e-011;
0.061800000000000743;3.2342666739237913e-011;
0.061900000000000746;2.9013838206970455e-011;
0.062000000000000749;2.8665313178688479e-011;
0.062100000000000752;2.8264651036336019e-011;
0.062200000000000755;3.1687753115905437e-011;
0.062300000000000758;2.5753730745203818e-011;
0.06240000000000076;2.9968923176415529e-011;
0.062500000000000763;2.9046055491366296e-011;
0.062600000000000766;2.5370152159642778e-011;
0.062700000000000769;2.9742201756999265e-011;
0.062800000000000772;3.0734522565856182e-011;
0.062900000000000775;3.206119744691982e-011;
0.063000000000000778;2.3548810471063497e-011;
0.06310000000000078;3.0631899794464346e-011;
0.063200000000000783;2.9970127074507857e-011;
0.063300000000000786;2.921178229864374e-011;
0.063400000000000789;2.7155807116874264e-011;
0.063500000000000792;2.5583842336307505e-011;
0.063600000000000795;2.8529751477934795e-011;
0.063700000000000798;2.3572848534270108e-011;
0.063800000000000801;2.803515926352862e-011;
0.063900000000000803;3.3595137088893168e-011;
0.064000000000000806;2.4638209875083028e-011;
0.064100000000000809;2.7851507558573907e-011;
0.064200000000000812;3.4703490081611221e-011;
0.064300000000000815;3.354561073365403e-011;
0.064400000000000818;2.7688530288005886e-011;
0.064500000000000821;2.8244368649454898e-011;
0.064600000000000823;3.3107631219886358e-011;
0.064700000000000826;2.9492634029404385e-011;
0.064800000000000829;2.8196818144254898e-011;
0.064900000000000832;3.1393124211298584e-011;
0.065000000000000835;2.5638243264514138e-011;
0.065100000000000838;3.1882389089910035e-011;
0.065200000000000841;2.5752613583285289e-011;
0.065300000000000843;1.9502441328533848e-011;
0.065400000000000846;2.9514949512199351e-011;
0.065500000000000849;3.1238119729826153e-011;
0.065600000000000852;2.8220585590599256e-011;
0.065700000000000855;3.4286552763607148e-011;
0.065800000000000858;2.9694604414265413e-011;
0.065900000000000861;2.7653218256928902e-011;
0.066000000000000864;2.8923799119673355e-011;
0.066100000000000866;2.6902322383670629e-011;
0.066200000000000869;2.3537770690862381e-011;
0.066300000000000872;2.8066054688635766e-011;
0.066400000000000875;3.4819855332379746e-011;
0.066500000000000878;2.9024902273300235e-011;
0.066600000000000881;2.4409111884504675e-011;
0.066700000000000884;3.2338492994554713e-011;
0.066800000000000886;3.2913498315689793e-011;
0.066900000000000889;3.012134985880266e-011;
0.067000000000000892;2.6526688831629563e-011;
0.067100000000000895;2.4635109924231458e-011;
0.067200000000000898;2.7135162172786664e-011;
0.067300000000000901;3.6860469537769447e-011;
0.067400000000000904;3.0048102894753015e-011;
0.067500000000000906;2.9168376047827849e-011;
0.067600000000000909;3.0989689980831514e-011;
0.067700000000000912;3.7085775422829315e-011;
0.067800000000000915;3.434802095525491e-011;
0.067900000000000918;2.6175464573618967e-011;
0.068000000000000921;2.727714755457189e-011;
0.068100000000000924;2.6189727470038449e-011;
0.068200000000000927;3.3152605660724532e-011;
0.068300000000000929;3.6217581017572442e-011;
0.068400000000000932;3.1025029767484114e-011;
0.068500000000000935;2.7894119306037801e-011;
0.068600000000000938;2.1239843217557564e-011;
0.068700000000000941;2.9441452747969166e-011;
0.068800000000000944;2.6692087776170048e-011;
0.068900000000000947;3.732274558854165e-011;
0.069000000000000949;2.4014500457636423e-011;
0.069100000000000952;2.9296114145704877e-011;
0.069200000000000955;2.8259967282950882e-011;
0.069300000000000958;2.5182203544638071e-011;
0.069400000000000961;2.6027201227574182e-011;
0.069500000000000964;2.6404762057397058e-011;
0.069600000000000967;2.8904068374857594e-011;
0.06970000000000097;2.60545387348321e-011;
0.069800000000000972;2.8828968726135606e-011;
0.069900000000000975;3.7031277350108027e-011;
0.070000000000000978;2.6477016759618444e-011;
0.070100000000000981;3.4126486359031816e-011;
0.070200000000000984;3.1789029741879915e-011;
0.070300000000000987;2.8370856011705747e-011;
0.07040000000000099;3.3265501464541103e-011;
0.070500000000000992;3.2889507090017034e-011;
0.070600000000000995;2.687834850523263e-011;
0.070700000000000998;3.4559268641265461e-011;
0.070800000000001001;3.1091688251771998e-011;
0.070900000000001004;2.6692087776170048e-011;
0.071000000000001007;2.873056306751387e-011;
0.07110000000000101;3.1343396628136233e-011;
0.071200000000001012;2.691602496440737e-011;
0.071300000000001015;3.4587312180978103e-011;
0.071400000000001018;2.9298698883684082e-011;
0.071500000000001021;2.8932476206500191e-011;
0.071600000000001024;2.6524419813322986e-011;
0.071700000000001027;3.1778274456328859e-011;
0.07180000000000103;3.4039313034917029e-011;
0.071900000000001033;2.4732263112503539e-011;
0.072000000000001035;2.3382287425710579e-011;
0.072100000000001038;3.3216006334324533e-011;
0.072200000000001041;2.9005143772908859e-011;
0.072300000000001044;2.4904245332635355e-011;
0.072400000000001047;2.520319369869739e-011;
0.07250000000000105;2.7867968349637451e-011;
0.072600000000001053;2.8117003517125205e-011;
0.072700000000001055;2.8238524366064333e-011;
0.072800000000001058;3.3691747308717268e-011;
0.072900000000001061;2.9546049634676663e-011;
0.073000000000001064;3.126826922383863e-011;
0.073100000000001067;3.2057044518918332e-011;
0.07320000000000107;2.6229357227847139e-011;
0.073300000000001073;3.6947386122809789e-011;
0.073400000000001075;3.1701388042426615e-011;
0.073500000000001078;2.6310967293774468e-011;
0.073600000000001081;2.9724601252612004e-011;
0.073700000000001084;3.0957025137778871e-011;
0.073800000000001087;3.0666830186376615e-011;
0.07390000000000109;2.880553261197516e-011;
0.074000000000001093;2.8940967677915097e-011;
0.074100000000001096;2.5051292637523481e-011;
0.074200000000001098;2.737246020123596e-011;
0.074300000000001101;3.1236891545605161e-011;
0.074400000000001104;2.8370856011705747e-011;
0.074500000000001107;3.395502976011322e-011;
0.07460000000000111;2.6890907903198702e-011;
0.074700000000001113;2.9386732630642953e-011;
0.074800000000001116;3.7412000580827609e-011;
0.074900000000001118;2.5682846474528453e-011;
0.075000000000001121;3.2591214449428918e-011;
0.075100000000001124;2.8121864212304892e-011;
0.075200000000001127;3.4440318652517732e-011;
0.07530000000000113;2.5388450022867382e-011;
0.075400000000001133;2.8742758173549987e-011;
0.075500000000001136;3.0154982677554898e-011;
0.075600000000001139;3.1354079055301298e-011;
0.075700000000001141;2.5117808874486336e-011;
0.075800000000001144;3.1755320595294734e-011;
0.075900000000001147;3.3165279550440019e-011;
0.07600000000000115;3.4510758833983246e-011;
0.076100000000001153;3.0385693960965909e-011;
0.076200000000001156;3.1539649364420441e-011;
0.076300000000001159;2.9073151872061054e-011;
0.076400000000001161;3.6710051665167498e-011;
0.076500000000001164;2.4644579779686815e-011;
0.076600000000001167;3.3228694101827827e-011;
0.07670000000000117;2.4462066053332343e-011;
0.076800000000001173;2.9414189833820714e-011;
0.076900000000001176;2.8747674379880905e-011;
0.077000000000001179;2.4619454044860767e-011;
0.077100000000001181;3.1035455455574734e-011;
0.077200000000001184;2.8819125905132914e-011;
0.077300000000001187;2.9059504802475544e-011;
0.07740000000000119;2.7554144729768915e-011;
0.077500000000001193;3.2555617923701874e-011;
0.077600000000001196;2.5297581737748764e-011;
0.077700000000001199;2.7985259942742147e-011;
0.077800000000001202;3.2976670005790965e-011;
0.077900000000001204;2.9931175593578274e-011;
0.078000000000001207;2.7212997480430268e-011;
0.07810000000000121;2.6553903173520688e-011;
0.078200000000001213;3.1005420453311672e-011;
0.078300000000001216;2.7051709830527848e-011;
0.078400000000001219;2.8239688365516713e-011;
0.078500000000001222;2.6719387119511495e-011;
0.078600000000001224;2.8864638110248642e-011;
0.078700000000001227;2.4193353917456584e-011;
0.07880000000000123;3.3759921941323157e-011;
0.078900000000001233;3.4790417074992419e-011;
0.079000000000001236;3.0022370006710375e-011;
0.079100000000001239;2.3399322410244672e-011;
0.079200000000001242;2.8684372585519036e-011;
0.079300000000001244;2.873548274329174e-011;
0.079400000000001247;2.7987785700123169e-011;
0.07950000000000125;3.1882389089910035e-011;
0.079600000000001253;2.3553792596886503e-011;
0.079700000000001256;2.9884830721194078e-011;
0.079800000000001259;2.8305234892056497e-011;
0.079900000000001262;2.3536882512442681e-011;
0.080000000000001265;2.9858560068873885e-011;
0.080100000000001267;3.0555395019726816e-011;
0.08020000000000127;2.7031109989250623e-011;
0.080300000000001273;3.0481422941264213e-011;
0.080400000000001276;2.7186594989125901e-011;
0.080500000000001279;2.3646825816903139e-011;
0.080600000000001282;2.2511010416836896e-011;
0.080700000000001285;2.974840859759631e-011;
0.080800000000001287;3.1087597773815645e-011;
0.08090000000000129;2.5069290393586741e-011;
0.081000000000001293;3.4056438225071872e-011;
0.081100000000001296;2.8665313178688479e-011;
0.081200000000001299;2.2228529780732309e-011;
0.081300000000001302;3.6353049043258423e-011;
0.081400000000001305;2.4855931549105925e-011;
0.081500000000001308;2.6688675575092802e-011;
0.08160000000000131;3.0809823442501383e-011;
0.081700000000001313;2.8819125905132914e-011;
0.081800000000001316;2.6625221125065046e-011;
0.081900000000001319;2.8090939296898654e-011;
0.082000000000001322;2.7555301790327391e-011;
0.082100000000001325;3.205164259001414e-011;
0.082200000000001328;2.8638804869252077e-011;
0.08230000000000133;3.666205186658722e-011;
0.082400000000001333;2.8184935288444457e-011;
0.082500000000001336;2.905337082026449e-011;
0.082600000000001339;3.0629256075886957e-011;
0.082700000000001342;2.8731742679477534e-011;
0.082800000000001345;2.5528391900397907e-011;
0.082900000000001348;3.0830595021402729e-011;
0.08300000000000135;3.0568377690221027e-011;
0.083100000000001353;2.5867238906407408e-011;
0.083200000000001356;2.7990115433751406e-011;
0.083300000000001359;2.8404282398364344e-011;
0.083400000000001362;2.8586015499154627e-011;
0.083500000000001365;2.9196912249007667e-011;
0.083600000000001368;2.6182028767252064e-011;
0.083700000000001371;3.2303038716152699e-011;
0.083800000000001373;3.0842408488274131e-011;
0.083900000000001376;2.8145605637797111e-011;
0.084000000000001379;2.5888138854845977e-011;
0.084100000000001382;3.089051583970992e-011;
0.084200000000001385;2.8893026859933002e-011;
0.084300000000001388;2.9000205015172753e-011;
0.084400000000001391;2.7704944241535578e-011;
0.084500000000001393;3.0485475255304095e-011;
0.084600000000001396;2.8486655742621103e-011;
0.084700000000001399;3.3918059333393202e-011;
0.084800000000001402;2.8923799119673355e-011;
0.084900000000001405;2.6233869243608154e-011;
0.085000000000001408;2.8863455028838025e-011;
0.085100000000001411;3.3348712680236758e-011;
0.085200000000001413;2.8876857502413422e-011;
0.085300000000001416;2.7406828542742012e-011;
0.085400000000001419;2.6387803400695908e-011;
0.085500000000001422;2.8493899947856782e-011;
0.085600000000001425;2.9283808017366297e-011;
0.085700000000001428;3.3636402690939704e-011;
0.085800000000001431;2.7708611446963793e-011;
0.085900000000001434;2.9790839933818702e-011;
0.086000000000001436;3.0277391704913725e-011;
0.086100000000001439;2.4006413176791419e-011;
0.086200000000001442;2.6210573642049262e-011;
0.086300000000001445;2.8018459080625391e-011;
0.086400000000001448;3.1193641419902107e-011;
0.086500000000001451;2.8702451873585666e-011;
0.086600000000001454;2.8413863276122164e-011;
0.086700000000001456;3.1368869307657476e-011;
0.086800000000001459;3.3785505643146863e-011;
0.086900000000001462;3.1624387136774956e-011;
0.087000000000001465;2.5280237972435948e-011;
0.087100000000001468;2.7742804581398772e-011;
0.087200000000001471;3.0152366714553125e-011;
0.087300000000001474;3.0165259179426585e-011;
0.087400000000001477;3.4321791936298141e-011;
0.087500000000001479;2.691259715081884e-011;
0.087600000000001482;2.9353335734283448e-011;
0.087700000000001485;2.8163514922963095e-011;
0.087800000000001488;3.3110372082978401e-011;
0.087900000000001491;2.8784665623282635e-011;
0.088000000000001494;3.0062181910484043e-011;
0.088100000000001497;2.7187743376066997e-011;
0.088200000000001499;2.4920905616898636e-011;
0.088300000000001502;2.958594827462413e-011;
0.088400000000001505;2.4554691613332125e-011;
0.088500000000001508;3.2228223562080771e-011;
0.088600000000001511;3.3585356717935611e-011;
0.088700000000001514;2.7406828542742012e-011;
0.088800000000001517;2.7198071919642963e-011;
0.088900000000001519;3.1028915548070302e-011;
0.089000000000001522;2.2284431244745662e-011;
0.089100000000001525;3.2335779887038285e-011;
0.089200000000001528;2.4181988009241984e-011;
0.089300000000001531;2.5872833389617433e-011;
0.089400000000001534;3.0189645922051866e-011;
0.089500000000001537;2.5574011658369145e-011;
0.08960000000000154;2.8701272261622002e-011;
0.089700000000001542;3.0613626217368406e-011;
0.089800000000001545;2.6609320649684243e-011;
0.089900000000001548;2.7948594827353901e-011;
0.090000000000001551;2.8189606898765263e-011;
0.090100000000001554;2.6985538803536713e-011;
0.090200000000001557;3.1638004716061374e-011;
0.09030000000000156;2.3999399689778045e-011;
0.090400000000001562;3.4299660334191628e-011;
0.090500000000001565;2.7114524167592968e-011;
0.090600000000001568;2.591334438695192e-011;
0.090700000000001571;2.8354053480117436e-011;
0.090800000000001574;2.7856156617489525e-011;
0.090900000000001577;3.0049511490215508e-011;
0.09100000000000158;2.6920589021872665e-011;
0.091100000000001582;2.5302012221506409e-011;
0.091200000000001585;3.3283913819515121e-011;
0.091300000000001588;2.574609796190952e-011;
0.091400000000001591;2.5502445641367721e-011;
0.091500000000001594;3.2345376377307389e-011;
0.091600000000001597;3.3203325505715142e-011;
0.0917000000000016;2.4622548791541909e-011;
0.091800000000001603;3.4077855121106282e-011;
0.091900000000001605;3.3345954469909955e-011;
0.092000000000001608;2.9257603284538192e-011;
0.092100000000001611;3.4033532936295074e-011;
0.092200000000001614;3.3863811060852456e-011;
0.092300000000001617;2.8468838397799345e-011;
0.09240000000000162;2.9319751487788537e-011;
0.092500000000001623;2.3826277756322511e-011;
0.092600000000001625;3.8969258375765037e-011;
0.092700000000001628;2.498394720273911e-011;
0.092800000000001631;2.8332568929867463e-011;
0.092900000000001634;2.7288643567047188e-011;
0.093000000000001637;2.575149642136676e-011;
0.09310000000000164;2.7914275058105176e-011;
0.093200000000001643;3.0246312399118125e-011;
0.093300000000001646;3.1217209373046728e-011;
0.093400000000001648;2.6712564452080478e-011;
0.093500000000001651;3.0059767175405483e-011;
0.093600000000001654;2.65652465303301e-011;
0.093700000000001657;2.7992445167379643e-011;
0.09380000000000166;2.6011859333152643e-011;
0.093900000000001663;2.8138406535371807e-011;
0.094000000000001666;2.7890630777127612e-011;
0.094100000000001668;2.4747955421067225e-011;
0.094200000000001671;2.6190855040297834e-011;
0.094300000000001674;3.587683275463327e-011;
0.094400000000001677;2.9718401350908863e-011;
0.09450000000000168;3.555956570866492e-011;
0.094600000000001683;3.3285187106546488e-011;
0.094700000000001686;2.2179086692220018e-011;
0.094800000000001688;2.8812821920021214e-011;
0.094900000000001691;2.9371820947643457e-011;
0.095000000000001694;2.7073470201810501e-011;
0.095100000000001697;3.4637168133677676e-011;
0.0952000000000017;3.1270940697991634e-011;
0.095300000000001703;3.283776722762255e-011;
0.095400000000001706;3.4150491462492383e-011;
0.095500000000001709;3.3218965772574549e-011;
0.095600000000001711;3.2638981795063415e-011;
0.095700000000001714;2.8251583364391486e-011;
0.095800000000001717;2.268907804692244e-011;
0.09590000000000172;2.4878987758825133e-011;
0.096000000000001723;3.0127792621792437e-011;
0.096100000000001726;2.8843745100703977e-011;
0.096200000000001729;3.689299213349706e-011;
0.096300000000001731;3.0367694470179174e-011;
0.096400000000001734;2.9481278529530641e-011;
0.096500000000001737;2.5830121028191932e-011;
0.09660000000000174;2.783854050059098e-011;
0.096700000000001743;2.7063159005469295e-011;
0.096800000000001746;2.4653872693347623e-011;
0.096900000000001749;2.7624865936437537e-011;
0.097000000000001751;2.5412300735938587e-011;
0.097100000000001754;2.9879813900901553e-011;
0.097200000000001757;2.6460028612618203e-011;
0.09730000000000176;2.8965638915190439e-011;
0.097400000000001763;3.2319508180833623e-011;
0.097500000000001766;3.4087916517266947e-011;
0.097600000000001769;2.9952658409104771e-011;
0.097700000000001772;2.8142101496375638e-011;
0.097800000000001774;3.1677015177589141e-011;
0.097900000000001777;3.0652608923320557e-011;
0.09800000000000178;2.7669616597947311e-011;
0.098100000000001783;2.9508773896624874e-011;
0.098200000000001786;3.0183196220168185e-011;
0.098300000000001789;2.792610066804091e-011;
0.098400000000001792;2.405479114508946e-011;
0.098500000000001794;2.3714844324396189e-011;
0.098600000000001797;2.6413815579218181e-011;
0.0987000000000018;3.6014746740420378e-011;
0.098800000000001803;2.7917765321738841e-011;
0.098900000000001806;3.0848931048543804e-011;
0.099000000000001809;2.3085557770974319e-011;
0.099100000000001812;3.0726587940677064e-011;
0.099200000000001815;2.6399110328312325e-011;
0.099300000000001817;2.8564442478007379e-011;
0.09940000000000182;2.9819681446330293e-011;
0.099500000000001823;2.6728494417760373e-011;
0.099600000000001826;2.8190776102388071e-011;
0.099700000000001829;2.6922873652690527e-011;
0.099800000000001832;2.6304380548736184e-011;
0.099900000000001835;2.6713702430680719e-011;
0.10000000000000184;2.987480055005598e-011;
