Type;FSV-40;
Version;2.21;
Date;19.Sep 23;
Mode;ANALYZER;
Center Freq;6000000000.000000;Hz
Freq Offset;0.000000;Hz
Span;12000000000.000000;Hz
x-Axis;LIN;
Start;0.000000;Hz
Stop;12000000000.000000;Hz
Ref Level;0.000000;W
Level Offset;0.000000;dB
Ref Position;100.000000;%
y-Axis;LIN;
Level Range;100.000000;dB
Rf Att;0.000000;dB
El Att;0.000000;dB
RBW;2000000.000000;Hz
VBW;10000.000000;Hz
SWT;0.100000;s
Trace Mode;CLR/WRITE;
Detector;SAMPLE;
Sweep Count;0;
Trace 1:;;
x-Unit;Hz;
y-Unit;W;
Preamplifier;OFF;
Transducer;OFF;
Values;1001;
0;1.4186893847190074e-012;
12000000;4.3976785104107852e-013;
24000000;3.6884628381098072e-013;
36000000;2.8947054172070996e-013;
48000000;4.190926848179205e-013;
60000000;2.285754322362693e-013;
72000000;4.9073516517755822e-013;
84000000;3.3541013933283126e-013;
96000000;2.7763118952243981e-013;
108000000;4.1743550890233072e-013;
120000000;3.3764251160597891e-013;
132000000;3.7288022062403892e-013;
144000000;3.851551239400508e-013;
156000000;4.6561940501149701e-013;
168000000;3.9246036975804088e-013;
180000000;4.3738203705546985e-013;
192000000;4.6152665023058148e-013;
204000000;5.6539413992653942e-013;
216000000;4.3335059390740838e-013;
228000000;3.5445100630623894e-013;
240000000;4.5962170701352445e-013;
252000000;4.1772333747407131e-013;
264000000;5.0565731072801934e-013;
276000000;4.3200951713520674e-013;
288000000;4.3845127723797506e-013;
300000000;4.6804476527134709e-013;
312000000;4.850428327214662e-013;
324000000;3.8452094698430972e-013;
336000000;5.9322897072097702e-013;
348000000;5.8525515163332376e-013;
360000000;3.7827805666502956e-013;
372000000;4.2493482690919571e-013;
384000000;4.4766477308964825e-013;
396000000;3.6153168674925296e-013;
408000000;4.4164156923556797e-013;
420000000;4.2402065474241024e-013;
432000000;4.8736004381461084e-013;
444000000;5.4571234683886694e-013;
456000000;4.8104044619162734e-013;
468000000;4.7000207545333517e-013;
480000000;4.1833881194233702e-013;
492000000;4.9984056607263461e-013;
504000000;4.0932516165610722e-013;
516000000;3.3341333708671039e-013;
528000000;2.7799634881413293e-013;
540000000;4.3161410860290128e-013;
552000000;5.4532094985459967e-013;
564000000;4.5666909923719468e-013;
576000000;5.3848397095490608e-013;
588000000;4.8443177637705337e-013;
600000000;4.2487234975900623e-013;
612000000;5.3226932410221917e-013;
624000000;4.9346263837277138e-013;
636000000;4.3103031994312646e-013;
648000000;3.9680642127150334e-013;
660000000;4.5520211948771316e-013;
672000000;4.784604244918722e-013;
684000000;5.9344060698504619e-013;
696000000;4.7015462269900388e-013;
708000000;4.8884420816852625e-013;
720000000;5.2085993938050246e-013;
732000000;4.3725198700488022e-013;
744000000;4.5578677550922597e-013;
756000000;5.0022865624027579e-013;
768000000;4.3462209200519075e-013;
780000000;5.2076003015030792e-013;
792000000;6.6672709020387799e-013;
804000000;7.2434555098768727e-013;
816000000;5.2085159102377432e-013;
828000000;4.5442387916830307e-013;
840000000;5.1703341044304074e-013;
852000000;5.4683259873358758e-013;
864000000;4.8620233273483082e-013;
876000000;3.8816172498457036e-013;
888000000;7.443526047271054e-013;
900000000;4.6680644376004277e-013;
912000000;4.6487201024389413e-013;
924000000;5.5467311516413376e-013;
936000000;7.0479006745310935e-013;
948000000;5.6628882355927446e-013;
960000000;5.1838400108930593e-013;
972000000;5.7806851753300359e-013;
984000000;5.7398779739620265e-013;
996000000;6.2993929733981546e-013;
1008000000;5.963180253407141e-013;
1020000000;4.6067598520604935e-013;
1032000000;6.2745392648971832e-013;
1044000000;4.3629986776205776e-013;
1056000000;5.0638974350564192e-013;
1068000000;5.7308980694684153e-013;
1080000000;4.9727675319535813e-013;
1092000000;5.5115916171299961e-013;
1104000000;4.1597012835105363e-013;
1116000000;6.3878042395534851e-013;
1128000000;4.2550658092485594e-013;
1140000000;4.8665417399021416e-013;
1152000000;4.3159274982010332e-013;
1164000000;4.2029368266943701e-013;
1176000000;4.7421902559310891e-013;
1188000000;4.7884802676853577e-013;
1200000000;4.1129477753275301e-013;
1212000000;5.1696402150400167e-013;
1224000000;5.9328681290687912e-013;
1236000000;5.2838603718102783e-013;
1248000000;3.0888995788264095e-013;
1260000000;6.1233331773158373e-013;
1272000000;3.7075916880895121e-013;
1284000000;6.6412934179860272e-013;
1296000000;5.7863983786779483e-013;
1308000000;6.4178230872041775e-013;
1320000000;5.0327651117745842e-013;
1332000000;5.0621307276163541e-013;
1344000000;3.9088770740179635e-013;
1356000000;6.9925478168170185e-013;
1368000000;5.0548172418618531e-013;
1380000000;6.903189500064022e-013;
1392000000;7.0293207019012094e-013;
1404000000;5.5269200674445962e-013;
1416000000;5.7228901522224374e-013;
1428000000;5.5430833534320101e-013;
1440000000;4.8996722477878674e-013;
1452000000;3.783451416744521e-013;
1464000000;6.2362132602009068e-013;
1476000000;5.1057378810948073e-013;
1488000000;6.1436310682880246e-013;
1500000000;4.5319314707220615e-013;
1512000000;5.4017212794757463e-013;
1524000000;5.7415541505206891e-013;
1536000000;5.7030579260833325e-013;
1548000000;5.5872613393542769e-013;
1560000000;4.7395854602116927e-013;
1572000000;5.4739811858675602e-013;
1584000000;6.3862695513783319e-013;
1596000000;5.4621433244472772e-013;
1608000000;5.4871320161187231e-013;
1620000000;5.7729054826413662e-013;
1632000000;6.4619072896385243e-013;
1644000000;7.8607953479803427e-013;
1656000000;5.5491424172729453e-013;
1668000000;6.0067077180259165e-013;
1680000000;6.3991336101548724e-013;
1692000000;6.3713558083947075e-013;
1704000000;6.0358098727397724e-013;
1716000000;6.824598395085979e-013;
1728000000;5.3356109678062702e-013;
1740000000;6.556661138502895e-013;
1752000000;6.9001624075984425e-013;
1764000000;6.4476608730920648e-013;
1776000000;6.7941827294401569e-013;
1788000000;4.9002425381305947e-013;
1800000000;5.8687375705662737e-013;
1812000000;5.4031865787118605e-013;
1824000000;6.9587364299669718e-013;
1836000000;5.9268155704408909e-013;
1848000000;5.6998644085842765e-013;
1860000000;5.6493378768410207e-013;
1872000000;6.8988857595403408e-013;
1884000000;6.2816500048454293e-013;
1896000000;5.1252421360767353e-013;
1908000000;6.3521703088514903e-013;
1920000000;5.7744249919861046e-013;
1932000000;6.0407825660038772e-013;
1944000000;4.2584428279653086e-013;
1956000000;5.6857800802626035e-013;
1968000000;6.2965810950638135e-013;
1980000000;6.7711271702422526e-013;
1992000000;6.2863727895087762e-013;
2004000000;6.3220121412216335e-013;
2016000000;6.3993190087263674e-013;
2028000000;8.1161699539908372e-013;
2040000000;7.8973698240669687e-013;
2052000000;8.5031954350986427e-013;
2064000000;4.4541367122397091e-013;
2076000000;6.658197756158335e-013;
2088000000;8.2298751147291682e-013;
2100000000;7.2806311760681419e-013;
2112000000;7.3257085076924855e-013;
2124000000;6.2344199898076158e-013;
2136000000;6.6058665698989771e-013;
2148000000;5.9081152513698609e-013;
2160000000;7.0449993495175223e-013;
2172000000;7.8510673439877166e-013;
2184000000;7.4027638402932028e-013;
2196000000;6.5966242884796245e-013;
2208000000;6.6979771338668281e-013;
2220000000;7.6347251003888728e-013;
2232000000;6.6189843319838793e-013;
2244000000;5.0313008967406425e-013;
2256000000;6.7817344621967646e-013;
2268000000;5.812447420074085e-013;
2280000000;5.6782362015464494e-013;
2292000000;5.512102818454323e-013;
2304000000;5.5264983127994993e-013;
2316000000;7.23234189550781e-013;
2328000000;6.5925102833361282e-013;
2340000000;9.1741382286097961e-013;
2352000000;7.2396705600927258e-013;
2364000000;6.0163847645164359e-013;
2376000000;6.6523793851996915e-013;
2388000000;7.6320010424305029e-013;
2400000000;8.5013734333477808e-013;
2412000000;8.0395889598405823e-013;
2424000000;9.4162687629822939e-013;
2436000000;5.782172700710686e-013;
2448000000;7.3301407261736062e-013;
2460000000;8.8323781882032604e-013;
2472000000;8.3846238329091105e-013;
2484000000;7.9230800522842038e-013;
2496000000;9.6811599535617798e-013;
2508000000;9.5466017903389488e-013;
2520000000;1.0155445278117736e-012;
2532000000;7.4477311253970391e-013;
2544000000;9.8201340722331443e-013;
2556000000;9.1200202771701822e-013;
2568000000;1.0394807844343879e-012;
2580000000;6.5463606757631965e-013;
2592000000;9.0698661688731752e-013;
2604000000;8.3737400694006148e-013;
2616000000;1.0413819329438412e-012;
2628000000;1.0926585157500224e-012;
2640000000;8.6320409370746476e-013;
2652000000;7.4486825128033951e-013;
2664000000;1.1424544036492401e-012;
2676000000;1.0456310296780291e-012;
2688000000;9.2322048443616023e-013;
2700000000;8.4101627571830928e-013;
2712000000;7.9779276717859005e-013;
2724000000;8.1359783276821473e-013;
2736000000;8.9017730903542813e-013;
2748000000;9.0774295632284341e-013;
2760000000;8.8144568683931612e-013;
2772000000;9.1323769293299994e-013;
2784000000;7.1336588979703519e-013;
2796000000;6.2813513071469096e-013;
2808000000;7.2922516549528416e-013;
2820000000;9.0053312029603205e-013;
2832000000;7.3586037437067819e-013;
2844000000;6.3932415134484999e-013;
2856000000;7.083241328545431e-013;
2868000000;6.2485747912705003e-013;
2880000000;7.3495414398480619e-013;
2892000000;6.2265280821940938e-013;
2904000000;8.2126433475007699e-013;
2916000000;7.6815241450631233e-013;
2928000000;7.615540685047828e-013;
2940000000;8.1814530194027069e-013;
2952000000;6.629457182869003e-013;
2964000000;7.4153563064255357e-013;
2976000000;8.7418581488224456e-013;
2988000000;8.6518536475746477e-013;
3000000000;9.9638472386004429e-013;
3012000000;7.9662665353197326e-013;
3024000000;6.8275398355799322e-013;
3036000000;9.1027294209233833e-013;
3048000000;1.1647872336789655e-012;
3060000000;1.2974280937799731e-012;
3072000000;9.7130420026458886e-013;
3084000000;8.7337271746298906e-013;
3096000000;8.4253768241684956e-013;
3108000000;8.1497542004857482e-013;
3120000000;6.7520284068728342e-013;
3132000000;6.9004508053763236e-013;
3144000000;7.3102835633845342e-013;
3156000000;8.4323861912136144e-013;
3168000000;8.7551070993702185e-013;
3180000000;8.8210130389301811e-013;
3192000000;9.4962785465030342e-013;
3204000000;8.643044504923203e-013;
3216000000;8.7043740271131043e-013;
3228000000;7.0840338803335179e-013;
3240000000;6.1174508384290172e-013;
3252000000;6.9311055376011788e-013;
3264000000;9.0094853235841987e-013;
3276000000;7.7317790841621714e-013;
3288000000;9.4025048164025904e-013;
3300000000;8.6842566558026357e-013;
3312000000;8.9963502142645368e-013;
3324000000;8.8788801614822499e-013;
3336000000;1.0564162392090459e-012;
3348000000;8.609609878328095e-013;
3360000000;1.0333821472141569e-012;
3372000000;1.2881734524558541e-012;
3384000000;9.2991662547364795e-013;
3396000000;1.0267572382594015e-012;
3408000000;9.5029453056616475e-013;
3420000000;7.7543901204693566e-013;
3432000000;8.085052809539417e-013;
3444000000;1.2123405578046142e-012;
3456000000;1.1184974387651314e-012;
3468000000;8.7739776381823287e-013;
3480000000;1.0328635733150571e-012;
3492000000;8.306610065587916e-013;
3504000000;9.7657580806764788e-013;
3516000000;9.3091745249906932e-013;
3528000000;9.7000088083304403e-013;
3540000000;1.0542767830620803e-012;
3552000000;8.8373156448967594e-013;
3564000000;7.8465153211665362e-013;
3576000000;1.3849638666810216e-012;
3588000000;1.0744379561403172e-012;
3600000000;8.3349229211202025e-013;
3612000000;7.4828598178866557e-013;
3624000000;9.1233747986918523e-013;
3636000000;1.0576378097967853e-012;
3648000000;8.7476797723876065e-013;
3660000000;7.7257498358809795e-013;
3672000000;1.1855967596563488e-012;
3684000000;1.3735127401756642e-012;
3696000000;1.2579232360615533e-012;
3708000000;1.1965534899710528e-012;
3720000000;1.2115870372947368e-012;
3732000000;9.3643636681767228e-013;
3744000000;9.6431749304487502e-013;
3756000000;9.0304256043435838e-013;
3768000000;1.0462476154535216e-012;
3780000000;1.0399901426150215e-012;
3792000000;1.1543486435824923e-012;
3804000000;1.2769770050408136e-012;
3816000000;8.4724474614869538e-013;
3828000000;1.1654561864193891e-012;
3840000000;8.0824485559211068e-013;
3852000000;1.1883725340583462e-012;
3864000000;9.8880994538197431e-013;
3876000000;9.7351141904733485e-013;
3888000000;1.2670948274992599e-012;
3900000000;9.7844616523540262e-013;
3912000000;9.0965299529011112e-013;
3924000000;7.3497815906292674e-013;
3936000000;9.1648151741285933e-013;
3948000000;7.8711717048721153e-013;
3960000000;9.7015809014805443e-013;
3972000000;1.1678838235038014e-012;
3984000000;1.3993988259852763e-012;
3996000000;1.016803178113812e-012;
4008000000;1.1734213860997711e-012;
4020000000;1.0089782741945497e-012;
4032000000;1.3390577709160301e-012;
4044000000;1.0884770732313975e-012;
4056000000;1.4264278777251227e-012;
4068000000;1.0367341750708303e-012;
4080000000;1.1884791111319015e-012;
4092000000;1.2585035010642676e-012;
4104000000;1.233709965783869e-012;
4116000000;9.4234982230684272e-013;
4128000000;1.2561610822706126e-012;
4140000000;1.4459696461022187e-012;
4152000000;1.2863139373098242e-012;
4164000000;1.0766562337852226e-012;
4176000000;7.6361356474152764e-013;
4188000000;1.3095106596305861e-012;
4200000000;1.1124254729183436e-012;
4212000000;9.2194654688348976e-013;
4224000000;1.0384482987055299e-012;
4236000000;1.0966008916896142e-012;
4248000000;1.2706599010828268e-012;
4260000000;1.1985822490762077e-012;
4272000000;1.000348892263303e-012;
4284000000;1.1971286592235564e-012;
4296000000;1.0116779376040386e-012;
4308000000;1.3127339926893855e-012;
4320000000;8.6712890557186229e-013;
4332000000;1.4460138815508561e-012;
4344000000;1.6072879789261196e-012;
4356000000;1.4821561946515294e-012;
4368000000;1.3085744510546449e-012;
4380000000;1.5202470358965936e-012;
4392000000;1.3903526767389263e-012;
4404000000;1.0873030991190302e-012;
4416000000;1.2161917523415e-012;
4428000000;1.1045814870408455e-012;
4440000000;1.1425867847345006e-012;
4452000000;1.5560313454399122e-012;
4464000000;1.2900446769853469e-012;
4476000000;1.3615207052064537e-012;
4488000000;1.0167306449884728e-012;
4500000000;1.0729129173644991e-012;
4512000000;1.1058781928391381e-012;
4524000000;8.3903370362570229e-013;
4536000000;1.1606135974159826e-012;
4548000000;1.0801698077655963e-012;
4560000000;1.0391368755052754e-012;
4572000000;9.435110028335747e-013;
4584000000;1.3885454201376102e-012;
4596000000;1.3613892999031485e-012;
4608000000;1.4392617956812681e-012;
4620000000;1.1155954632302567e-012;
4632000000;1.5013616435147203e-012;
4644000000;1.3285577065563769e-012;
4656000000;1.8608844933737378e-012;
4668000000;1.6337272246841339e-012;
4680000000;1.4691637663377666e-012;
4692000000;1.4043104786670702e-012;
4704000000;1.445498234997622e-012;
4716000000;1.5335043348010946e-012;
4728000000;1.3936184021026699e-012;
4740000000;1.239904554896365e-012;
4752000000;2.0025164252507333e-012;
4764000000;1.2368712824784023e-012;
4776000000;1.0278214911119132e-012;
4788000000;1.2682603448346819e-012;
4800000000;1.1673556002053664e-012;
4812000000;1.15904735895761e-012;
4824000000;1.5109935871948643e-012;
4836000000;1.2252489604500094e-012;
4848000000;1.119575569405451e-012;
4860000000;1.2976628235503163e-012;
4872000000;1.3820745763115649e-012;
4884000000;1.7533210126818854e-012;
4896000000;1.6382738264944519e-012;
4908000000;1.4500681471546484e-012;
4920000000;1.3249054631181423e-012;
4932000000;1.4126544985865186e-012;
4944000000;1.2492866983959683e-012;
4956000000;1.7127648041168064e-012;
4968000000;1.4913829719798155e-012;
4980000000;1.036441765744911e-012;
4992000000;1.7614369164642429e-012;
5004000000;1.548673732656991e-012;
5016000000;1.6350365072276274e-012;
5028000000;1.7289234280348786e-012;
5040000000;1.2386711665049455e-012;
5052000000;1.3926752546328247e-012;
5064000000;1.5282300164926044e-012;
5076000000;1.2000207685186615e-012;
5088000000;1.5798664459998335e-012;
5100000000;1.4892857997175768e-012;
5112000000;1.4301490764215274e-012;
5124000000;1.7249010379749574e-012;
5136000000;1.4236416949822694e-012;
5148000000;1.2553365465184374e-012;
5160000000;1.1612579387670907e-012;
5172000000;1.2762660936763148e-012;
5184000000;2.1860681667651427e-012;
5196000000;1.4279985614124024e-012;
5208000000;1.4385107688363874e-012;
5220000000;1.5020804695550782e-012;
5232000000;1.2529756962878502e-012;
5244000000;1.2498704328456345e-012;
5256000000;1.6989951112655888e-012;
5268000000;1.0364260448134099e-012;
5280000000;1.4884279789587063e-012;
5292000000;9.4857249225560603e-013;
5304000000;1.8061616655420942e-012;
5316000000;1.8610551467956871e-012;
5328000000;1.2689079387923075e-012;
5340000000;1.5698968817631775e-012;
5352000000;1.4108743470395146e-012;
5364000000;1.5766928778207512e-012;
5376000000;1.618329060169843e-012;
5388000000;1.2708370597178109e-012;
5400000000;1.1485193221819068e-012;
5412000000;1.1940686070119333e-012;
5424000000;1.2439651088727577e-012;
5436000000;2.0295408149212379e-012;
5448000000;1.6976762877429774e-012;
5460000000;1.4409726667094502e-012;
5472000000;1.4180809304598085e-012;
5484000000;1.7106172164535471e-012;
5496000000;1.175092033227354e-012;
5508000000;1.0880290808937265e-012;
5520000000;1.4591936600000244e-012;
5532000000;1.4021338343855883e-012;
5544000000;1.4055672858254153e-012;
5556000000;1.1409649267046795e-012;
5568000000;1.4739497599877693e-012;
5580000000;1.2727631448772314e-012;
5592000000;1.3885163635193876e-012;
5604000000;1.6228508337504111e-012;
5616000000;1.1255853020475381e-012;
5628000000;1.6279074442626662e-012;
5640000000;1.3069602908602485e-012;
5652000000;1.0628312466232082e-012;
5664000000;1.3765684555785973e-012;
5676000000;1.6000638314306315e-012;
5688000000;1.6114895876051527e-012;
5700000000;1.2599521035869254e-012;
5712000000;1.9437400907568181e-012;
5724000000;1.3492481871352213e-012;
5736000000;1.2538975933951146e-012;
5748000000;1.2745996749372046e-012;
5760000000;1.8676904640912984e-012;
5772000000;1.5353575615745241e-012;
5784000000;1.4552831596043037e-012;
5796000000;1.428739505177079e-012;
5808000000;1.5861379050463587e-012;
5820000000;1.5400988860950204e-012;
5832000000;1.9497142615676477e-012;
5844000000;1.7002205849811491e-012;
5856000000;1.8859087468764413e-012;
5868000000;1.7701027275884851e-012;
5880000000;1.3895519934345457e-012;
5892000000;1.449573750963995e-012;
5904000000;1.7378270046955469e-012;
5916000000;1.7545829155904413e-012;
5928000000;1.9414055866390223e-012;
5940000000;1.6777379182111862e-012;
5952000000;1.5128743527034749e-012;
5964000000;1.433625895948254e-012;
5976000000;1.2480210007798087e-012;
5988000000;1.6987135439613943e-012;
6000000000;1.3873671092165529e-012;
6012000000;1.3640724834396156e-012;
6024000000;1.2843541334628394e-012;
6036000000;1.6780648051661906e-012;
6048000000;1.9575424180934275e-012;
6060000000;1.5346800436369379e-012;
6072000000;1.563993834614863e-012;
6084000000;1.5538369202428015e-012;
6096000000;1.6386129649340053e-012;
6108000000;1.4759407888573217e-012;
6120000000;1.5992096969591474e-012;
6132000000;1.2879901138684868e-012;
6144000000;1.8758659989931425e-012;
6156000000;1.9700872877503883e-012;
6168000000;2.3628293332328409e-012;
6180000000;1.80247472763434e-012;
6192000000;2.0314000048066161e-012;
6204000000;1.9993297382253639e-012;
6216000000;2.1783996047991527e-012;
6228000000;1.6020945420996968e-012;
6240000000;1.8816133547094882e-012;
6252000000;1.5521753804134675e-012;
6264000000;2.0579933156933405e-012;
6276000000;2.4577592565300233e-012;
6288000000;1.6502253123024113e-012;
6300000000;1.8889579570663395e-012;
6312000000;1.6525151472907007e-012;
6324000000;2.6911105722310369e-012;
6336000000;2.0135061153114808e-012;
6348000000;1.7853573437351389e-012;
6360000000;1.5877416568998992e-012;
6372000000;2.0073120683000711e-012;
6384000000;1.232120416978788e-012;
6396000000;1.8479005218369204e-012;
6408000000;1.4515073171184056e-012;
6420000000;1.5416037587104303e-012;
6432000000;1.2374807125195564e-012;
6444000000;1.6279664248608494e-012;
6456000000;1.6770615928959898e-012;
6468000000;1.7345581351455031e-012;
6480000000;1.5253562302142143e-012;
6492000000;1.3550973494355634e-012;
6504000000;1.6791706913821258e-012;
6516000000;1.8676514328130889e-012;
6528000000;1.4146661272973482e-012;
6540000000;1.8737682846298176e-012;
6552000000;1.5451217779197113e-012;
6564000000;1.9045891166274975e-012;
6576000000;1.5647579803060307e-012;
6588000000;1.7508918577144317e-012;
6600000000;1.7827783520274476e-012;
6612000000;2.0906694344485777e-012;
6624000000;1.9628205311095215e-012;
6636000000;1.2628678484893907e-012;
6648000000;1.7703621771683609e-012;
6660000000;1.3938813211294976e-012;
6672000000;1.970673407444834e-012;
6684000000;1.647951198245623e-012;
6696000000;1.6449118542954944e-012;
6708000000;1.7764208073284271e-012;
6720000000;1.9899062866229889e-012;
6732000000;1.2186955004184208e-012;
6744000000;2.464543976885003e-012;
6756000000;2.3178702880655155e-012;
6768000000;1.7209648419877488e-012;
6780000000;2.2292445667204674e-012;
6792000000;1.4392288359352245e-012;
6804000000;2.0391054296464706e-012;
6816000000;1.3383830719040923e-012;
6828000000;2.7061575636616597e-012;
6840000000;1.9539359279868718e-012;
6852000000;2.0082158592310551e-012;
6864000000;1.7557975472842768e-012;
6876000000;1.6346464112859671e-012;
6888000000;2.2272342390522448e-012;
6900000000;2.2915393541045326e-012;
6912000000;2.0513697077811921e-012;
6924000000;2.6707692047517329e-012;
6936000000;2.2311119965423565e-012;
6948000000;1.8308735603989046e-012;
6960000000;1.9709518305627283e-012;
6972000000;1.4389625558816621e-012;
6984000000;1.9378702201949816e-012;
6996000000;2.1156761238760868e-012;
7008000000;1.3771325659689415e-012;
7020000000;1.5744215826896113e-012;
7032000000;1.5418037940112539e-012;
7044000000;1.3823380374394789e-012;
7056000000;1.6439512511706722e-012;
7068000000;1.2449361203384357e-012;
7080000000;1.5479593518455403e-012;
7092000000;1.4204329986527986e-012;
7104000000;1.491907942671733e-012;
7116000000;1.6320764184563075e-012;
7128000000;1.3061254551874346e-012;
7140000000;1.4667719079250463e-012;
7152000000;1.3170226628028692e-012;
7164000000;1.6192085649721633e-012;
7176000000;1.0279348986591552e-012;
7188000000;1.4669451634322095e-012;
7200000000;1.6225170079015028e-012;
7212000000;1.2505831873538265e-012;
7224000000;1.6122035347357344e-012;
7236000000;1.1424893149591941e-012;
7248000000;1.0754966795617493e-012;
7260000000;1.1526737680664367e-012;
7272000000;1.1948403421183085e-012;
7284000000;1.1206736493657443e-012;
7296000000;1.2640970084923375e-012;
7308000000;1.1041492156346755e-012;
7320000000;7.8054663427140625e-013;
7332000000;1.211122131403175e-012;
7344000000;1.204226063485081e-012;
7356000000;8.3092278717333823e-013;
7368000000;8.6781341661346101e-013;
7380000000;9.8255886933629188e-013;
7392000000;9.694720070133056e-013;
7404000000;1.0573817212436443e-012;
7416000000;1.0517054891898137e-012;
7428000000;1.3247965007998075e-012;
7440000000;9.6699167770331051e-013;
7452000000;8.1825556530121246e-013;
7464000000;9.9450482571317167e-013;
7476000000;8.8789148559517694e-013;
7488000000;8.7353415516647215e-013;
7500000000;7.7268269907393439e-013;
7512000000;1.1515793743935299e-012;
7524000000;1.1556411209923123e-012;
7536000000;1.2000433199238492e-012;
7548000000;1.1057967692559845e-012;
7560000000;9.286635046026892e-013;
7572000000;1.1515882648513442e-012;
7584000000;1.2062876739160622e-012;
7596000000;1.4425520240141099e-012;
7608000000;1.3149468493234284e-012;
7620000000;1.7560495158691625e-012;
7632000000;1.3625514562118357e-012;
7644000000;1.6174737330759692e-012;
7656000000;1.200487734394351e-012;
7668000000;1.4605329749436957e-012;
7680000000;1.2483431172452542e-012;
7692000000;1.2812511468451859e-012;
7704000000;1.3792221488159728e-012;
7716000000;1.6550386278471607e-012;
7728000000;1.4369629618149471e-012;
7740000000;1.2573329963988522e-012;
7752000000;1.4529156957404643e-012;
7764000000;1.6598725432331873e-012;
7776000000;1.2769064234793848e-012;
7788000000;1.8696400764378618e-012;
7800000000;1.1945381749728368e-012;
7812000000;1.6033292315337233e-012;
7824000000;1.1999885677141386e-012;
7836000000;1.4246314631455315e-012;
7848000000;1.1421405271203056e-012;
7860000000;1.0870832229184502e-012;
7872000000;1.5445094205326915e-012;
7884000000;1.0342122123974118e-012;
7896000000;9.3098694985832564e-013;
7908000000;1.1325760208152902e-012;
7920000000;1.0674366121912748e-012;
7932000000;8.7091217484264183e-013;
7944000000;1.0712935529996748e-012;
7956000000;1.3744240121016382e-012;
7968000000;1.5596331734771263e-012;
7980000000;1.2539702349406712e-012;
7992000000;9.6886756430214493e-013;
8004000000;1.4415696284256208e-012;
8016000000;1.0086912858794927e-012;
8028000000;9.7719477908791985e-013;
8040000000;9.5087251874431677e-013;
8052000000;1.2853758855901898e-012;
8064000000;1.3296680380012194e-012;
8076000000;1.1471439033058917e-012;
8088000000;9.8029212785427644e-013;
8100000000;9.5233239696956851e-013;
8112000000;1.2184904777876038e-012;
8124000000;9.9774453022477561e-013;
8136000000;9.6011078861563126e-013;
8148000000;1.0385751503597107e-012;
8160000000;8.4780668813469462e-013;
8172000000;1.4037346588932631e-012;
8184000000;1.2169110120627269e-012;
8196000000;1.2981305483675265e-012;
8208000000;1.1789581897542201e-012;
8220000000;1.1613531317178349e-012;
8232000000;1.3979765695754098e-012;
8244000000;1.1385172318800763e-012;
8256000000;1.2773572347427042e-012;
8268000000;1.4715057514505525e-012;
8280000000;1.2252703192328074e-012;
8292000000;9.6385215347244424e-013;
8304000000;1.0139572558312548e-012;
8316000000;9.5648630075301222e-013;
8328000000;1.3670622793504617e-012;
8340000000;1.130585967727693e-012;
8352000000;1.1446790780869631e-012;
8364000000;1.0601995626899341e-012;
8376000000;1.1211309658420987e-012;
8388000000;1.1339615227715094e-012;
8400000000;1.0280676050050674e-012;
8412000000;1.1950709519203961e-012;
8424000000;1.1302607070759474e-012;
8436000000;1.3934616264685284e-012;
8448000000;8.2173390271098046e-013;
8460000000;1.2968193142601225e-012;
8472000000;1.0425642554129366e-012;
8484000000;1.1895926951832614e-012;
8496000000;1.2130297851256633e-012;
8508000000;1.3210450528627904e-012;
8520000000;1.0234533489791864e-012;
8532000000;1.6556419863561489e-012;
8544000000;1.4138432178484317e-012;
8556000000;9.7847240292797677e-013;
8568000000;1.0287487008098228e-012;
8580000000;1.5907485832050705e-012;
8592000000;9.7040442088164314e-013;
8604000000;1.1395999161695203e-012;
8616000000;1.1071842227761142e-012;
8628000000;9.9781305180207669e-013;
8640000000;1.19371645814631e-012;
8652000000;8.5048629380399254e-013;
8664000000;8.9915309356078388e-013;
8676000000;1.0834296784376085e-012;
8688000000;8.8495660452436731e-013;
8700000000;8.5964520007628109e-013;
8712000000;8.2073150359240898e-013;
8724000000;8.9432785179213714e-013;
8736000000;7.4957732078620443e-013;
8748000000;1.1013502393061869e-012;
8760000000;1.0277210939907411e-012;
8772000000;1.0974286800483068e-012;
8784000000;1.2415994881526116e-012;
8796000000;1.0666387478125428e-012;
8808000000;1.2620275918057144e-012;
8820000000;1.2782682898282438e-012;
8832000000;1.3276054517882829e-012;
8844000000;1.6444387084674217e-012;
8856000000;1.4780228907093629e-012;
8868000000;1.5260576005995952e-012;
8880000000;1.9290591259796264e-012;
8892000000;1.3318485854105222e-012;
8904000000;1.5166818538928095e-012;
8916000000;1.5659584089514067e-012;
8928000000;1.1600054684174355e-012;
8940000000;1.6151831391461591e-012;
8952000000;1.318696779377404e-012;
8964000000;1.2339248546544557e-012;
8976000000;1.5930958809085016e-012;
8988000000;9.469400090444946e-013;
9000000000;1.9070283546751554e-012;
9012000000;1.3154185856886769e-012;
9024000000;1.1775176103276386e-012;
9036000000;1.2756427858473529e-012;
9048000000;1.1588668392958912e-012;
9060000000;1.0785985819772304e-012;
9072000000;1.3871241395096989e-012;
9084000000;1.4636904969306253e-012;
9096000000;1.3269193686535341e-012;
9108000000;1.5364106471446592e-012;
9120000000;9.6538998583389768e-013;
9132000000;1.1744295856999654e-012;
9144000000;1.108094952601002e-012;
9156000000;1.5878905178581815e-012;
9168000000;1.0093024506441228e-012;
9180000000;1.0495172439450862e-012;
9192000000;1.3218997294353607e-012;
9204000000;1.071330741134191e-012;
9216000000;7.9711443608937449e-013;
9228000000;1.0553889576506159e-012;
9240000000;1.296319605478824e-012;
9252000000;1.1147124889809845e-012;
9264000000;6.9396127299475863e-013;
9276000000;1.2472771296692664e-012;
9288000000;1.1598428380915626e-012;
9300000000;1.2423218920601387e-012;
9312000000;1.2803402001798636e-012;
9324000000;1.4374376255260612e-012;
9336000000;1.4424219197534116e-012;
9348000000;1.098859501655336e-012;
9360000000;9.4666906692159047e-013;
9372000000;9.1976426475071094e-013;
9384000000;9.1580519209766287e-013;
9396000000;1.0856618338703217e-012;
9408000000;1.3224592861765805e-012;
9420000000;9.0261711950187506e-013;
9432000000;1.2466678080483296e-012;
9444000000;1.0785064247925691e-012;
9456000000;8.5852435187036558e-013;
9468000000;1.1268289903595963e-012;
9480000000;1.492880255180018e-012;
9492000000;1.2693973476529674e-012;
9504000000;9.7971804280394537e-013;
9516000000;1.0538441863952586e-012;
9528000000;1.0342831192194923e-012;
9540000000;1.3876238482909975e-012;
9552000000;1.1891774457511994e-012;
9564000000;1.0861650120985722e-012;
9576000000;1.0801268733595659e-012;
9588000000;1.2074986193225112e-012;
9600000000;1.1126842719769159e-012;
9612000000;1.0434244614165866e-012;
9624000000;7.8032936015604015e-013;
9636000000;1.2166630550258795e-012;
9648000000;9.0110872322940461e-013;
9660000000;1.0566418616811402e-012;
9672000000;9.2094647879958913e-013;
9684000000;1.0835925256039158e-012;
9696000000;8.6482996328532402e-013;
9708000000;1.200838040116281e-012;
9720000000;1.0041842574484705e-012;
9732000000;1.0934363223885635e-012;
9744000000;1.1903054496914534e-012;
9756000000;9.4161982898410823e-013;
9768000000;1.2533650332879898e-012;
9780000000;1.3783398250880041e-012;
9792000000;1.6079418612563456e-012;
9804000000;1.0561905083167344e-012;
9816000000;1.4130795058381329e-012;
9828000000;1.2342208418475442e-012;
9840000000;1.3215947433642405e-012;
9852000000;1.305181657196286e-012;
9864000000;1.1507822689563185e-012;
9876000000;1.4086077139777164e-012;
9888000000;1.1296808757541021e-012;
9900000000;1.1042519980006271e-012;
9912000000;1.2639015268406384e-012;
9924000000;8.7866758140264789e-013;
9936000000;1.0088315816406124e-012;
9948000000;1.0200600130197413e-012;
9960000000;8.8018400077119474e-013;
9972000000;1.1100472754529966e-012;
9984000000;1.2228935312302847e-012;
9996000000;1.0353867286108653e-012;
10008000000;1.4654329182420267e-012;
10020000000;1.0491815749524847e-012;
10032000000;1.6036076546516176e-012;
10044000000;8.4769089534267317e-013;
10056000000;1.241510258313816e-012;
10068000000;1.0590752450370666e-012;
10080000000;1.0328027495731806e-012;
10092000000;1.5692024502717006e-012;
10104000000;1.4163996581509353e-012;
10116000000;1.0922206064925555e-012;
10128000000;1.4032525141871588e-012;
10140000000;1.5523529727293206e-012;
10152000000;1.1838750466064418e-012;
10164000000;1.1319866485143271e-012;
10176000000;1.6078016739154433e-012;
10188000000;1.4955965068827459e-012;
10200000000;1.2203375246086501e-012;
10212000000;1.4605329749436957e-012;
10224000000;1.6814989071273212e-012;
10236000000;1.4243941312899744e-012;
10248000000;1.785756113294179e-012;
10260000000;1.4517252417550752e-012;
10272000000;1.4019123318817495e-012;
10284000000;1.4301001789035483e-012;
10296000000;1.4835216388675576e-012;
10308000000;1.0268532985718837e-012;
10320000000;1.433942591402837e-012;
10332000000;1.1786950538869578e-012;
10344000000;1.2255089521309714e-012;
10356000000;1.1781714926578646e-012;
10368000000;1.369071631236729e-012;
10380000000;1.3541060633892599e-012;
10392000000;1.2693495343371608e-012;
10404000000;1.263241356137812e-012;
10416000000;1.5278577014665728e-012;
10428000000;1.620948492618568e-012;
10440000000;1.3563901521060351e-012;
10452000000;1.1428902529225793e-012;
10464000000;1.5218615213516418e-012;
10476000000;2.029575726231192e-012;
10488000000;1.8586852976870682e-012;
10500000000;1.6519699020181577e-012;
10512000000;1.9568303141065391e-012;
10524000000;1.753746562034586e-012;
10536000000;1.2956325465621199e-012;
10548000000;1.9323722309783076e-012;
10560000000;1.6645896900452373e-012;
10572000000;1.5655042366613525e-012;
10584000000;1.5290537933032589e-012;
10596000000;1.7129052082981433e-012;
10608000000;1.42085063332964e-012;
10620000000;1.1609056814812502e-012;
10632000000;1.1579954660098646e-012;
10644000000;9.1725986615248667e-013;
10656000000;1.2192859569215564e-012;
10668000000;1.224923808218481e-012;
10680000000;1.4573192912842314e-012;
10692000000;1.0507753521460383e-012;
10704000000;1.2416349415636518e-012;
10716000000;1.2045154370449174e-012;
10728000000;9.9598942374795607e-013;
10740000000;1.5572876104971711e-012;
10752000000;1.5896566831971604e-012;
10764000000;1.4593381841496167e-012;
10776000000;1.5344808756978523e-012;
10788000000;1.1773993238706204e-012;
10800000000;1.6068411792108384e-012;
10812000000;1.1410148000046139e-012;
10824000000;1.2096453396240325e-012;
10836000000;1.3493198528988226e-012;
10848000000;1.5693519617512863e-012;
10860000000;1.2788393391124919e-012;
10872000000;1.8360042219195405e-012;
10884000000;1.3781972525023223e-012;
10896000000;1.6523573958746041e-012;
10908000000;1.1709000739476561e-012;
10920000000;1.3980273102370822e-012;
10932000000;1.1423691853584828e-012;
10944000000;1.3811971314933724e-012;
10956000000;9.908523654345025e-013;
10968000000;1.2865138641904306e-012;
10980000000;1.1661141887178705e-012;
10992000000;1.0981788395314496e-012;
11004000000;1.1055804709225736e-012;
11016000000;1.3286973517961931e-012;
11028000000;1.3584199954133624e-012;
11040000000;1.4247284992399689e-012;
11052000000;1.2268463155107323e-012;
11064000000;1.1992407934757754e-012;
11076000000;1.0397998651337503e-012;
11088000000;1.0878215645979128e-012;
11100000000;1.1226867959596154e-012;
11112000000;1.5435479500461313e-012;
11124000000;1.2180958281968191e-012;
11136000000;1.1639587947989694e-012;
11148000000;1.5081831183233474e-012;
11160000000;1.4670046861314789e-012;
11172000000;1.0022458123842837e-012;
11184000000;1.3485353242068121e-012;
11196000000;1.299515725063094e-012;
11208000000;1.3843993226098084e-012;
11220000000;1.4707278363917942e-012;
11232000000;1.2718433077540947e-012;
11244000000;1.1976673992830644e-012;
11256000000;1.636259053597322e-012;
11268000000;1.3401579108604511e-012;
11280000000;1.3626733205360231e-012;
11292000000;9.4180642017799299e-013;
11304000000;1.0112397030859199e-012;
11316000000;1.2633431627218084e-012;
11328000000;8.8675903642601583e-013;
11340000000;1.3296550275751495e-012;
11352000000;1.2706344223317734e-012;
11364000000;1.2331148472113918e-012;
11376000000;1.0651930726357506e-012;
11388000000;1.0383569004623894e-012;
11400000000;1.6101481042571364e-012;
11412000000;1.4635951955596638e-012;
11424000000;1.9042731801144352e-012;
11436000000;1.4826989462590756e-012;
11448000000;9.1590298713362106e-013;
11460000000;1.3945012679317248e-012;
11472000000;1.1931074617860249e-012;
11484000000;1.7004218129043625e-012;
11496000000;1.8505000049656717e-012;
11508000000;8.8204595537211272e-013;
11520000000;1.2421627311812178e-012;
11532000000;1.0659411721347656e-012;
11544000000;1.5512108741608244e-012;
11556000000;1.162412722501005e-012;
11568000000;1.3163768035687196e-012;
11580000000;1.4179047476067796e-012;
11592000000;1.1257405597986381e-012;
11604000000;1.5262641411134537e-012;
11616000000;1.5812741741005887e-012;
11628000000;1.7725489045300469e-012;
11640000000;2.66993393539805e-012;
11652000000;1.4911756725244363e-012;
11664000000;1.5508700009977949e-012;
11676000000;1.8113805811195705e-012;
11688000000;1.4900807367504432e-012;
11700000000;1.3174695709383677e-012;
11712000000;1.1688689295977217e-012;
11724000000;1.1413674909713234e-012;
11736000000;1.5202238339701024e-012;
11748000000;1.4380649449030614e-012;
11760000000;1.3371840527215406e-012;
11772000000;1.2809973351166071e-012;
11784000000;1.0393933977392855e-012;
11796000000;1.1788967154910401e-012;
11808000000;1.200316322030881e-012;
11820000000;1.5029368808511245e-012;
11832000000;1.1318157782519433e-012;
11844000000;1.4616368011755032e-012;
11856000000;1.5237014124383497e-012;
11868000000;1.299664477601159e-012;
11880000000;1.2744649086071647e-012;
11892000000;1.6502377806273949e-012;
11904000000;9.2017571947516918e-013;
11916000000;1.403439322221478e-012;
11928000000;1.3971341444873886e-012;
11940000000;1.1837258603875078e-012;
11952000000;1.606328893684339e-012;
11964000000;1.3688991346710866e-012;
11976000000;1.1660852405198652e-012;
11988000000;1.4940774312188765e-012;
12000000000;1.6819645719604037e-012;
