Type;FSV-40;
Version;2.21;
Date;19.Sep 23;
Mode;ANALYZER;
Center Freq;6000000000.000000;Hz
Freq Offset;0.000000;Hz
Span;0.000000;Hz
x-Axis;LIN;
Start;6000000000.000000;Hz
Stop;6000000000.000000;Hz
Ref Level;0.000000;W
Level Offset;0.000000;dB
Ref Position;100.000000;%
y-Axis;LIN;
Level Range;100.000000;dB
Rf Att;0.000000;dB
El Att;0.000000;dB
RBW;2000000.000000;Hz
VBW;10000.000000;Hz
SWT;0.100000;s
Trace Mode;CLR/WRITE;
Detector;SAMPLE;
Sweep Count;0;
Trace 1:;;
x-Unit;s;
y-Unit;W;
Preamplifier;OFF;
Transducer;OFF;
Values;1001;
0;4.378029883067569e-011;
0.0001;4.1842789649804146e-011;
0.00020000000000000001;3.649497370972199e-011;
0.00030000000000000003;4.6606090514655918e-011;
0.00040000000000000002;5.6705667939027649e-011;
0.00050000000000000001;4.9933401163881896e-011;
0.00060000000000000006;4.3151923007078707e-011;
0.0007000000000000001;4.759937929921243e-011;
0.00080000000000000015;4.2702910652003823e-011;
0.00090000000000000019;4.6233905592885094e-011;
0.0010000000000000002;4.4103255769645244e-011;
0.0011000000000000003;4.9241302008118382e-011;
0.0012000000000000003;4.6580302115462047e-011;
0.0013000000000000004;4.7373112377346871e-011;
0.0014000000000000004;4.1155294450145874e-011;
0.0015000000000000005;4.9845298027983986e-011;
0.0016000000000000005;4.1899289593416711e-011;
0.0017000000000000006;3.7892175508424941e-011;
0.0018000000000000006;4.4275676874816483e-011;
0.0019000000000000006;5.5804513787727217e-011;
0.0020000000000000005;4.3861411030965414e-011;
0.0021000000000000003;5.4777175850784232e-011;
0.0022000000000000001;4.2521142856744021e-011;
0.0023;4.5316521368743423e-011;
0.0023999999999999998;5.2030196123764583e-011;
0.0024999999999999996;4.5132474146836188e-011;
0.0025999999999999994;4.170217990373537e-011;
0.0026999999999999993;4.6910135498290373e-011;
0.0027999999999999991;4.7125220392629785e-011;
0.0028999999999999989;5.5738212656475383e-011;
0.0029999999999999988;4.2383464793349646e-011;
0.0030999999999999986;5.00384525481401e-011;
0.0031999999999999984;4.9799199486333379e-011;
0.0032999999999999982;4.3601577209839704e-011;
0.0033999999999999981;4.4023867884490642e-011;
0.0034999999999999979;5.0909765986206779e-011;
0.0035999999999999977;4.4242241814540506e-011;
0.0036999999999999976;5.0805894213912239e-011;
0.0037999999999999974;4.1742470591188408e-011;
0.0038999999999999972;4.5812791060750868e-011;
0.0039999999999999975;4.4090342488090073e-011;
0.0040999999999999977;5.1885541002549829e-011;
0.004199999999999998;5.611050860054867e-011;
0.0042999999999999983;4.6917924406697509e-011;
0.0043999999999999985;4.2383464793349646e-011;
0.0044999999999999988;4.9022726850145304e-011;
0.0045999999999999991;4.7019506344003759e-011;
0.0046999999999999993;4.6610094256438472e-011;
0.0047999999999999996;4.156323202275658e-011;
0.0048999999999999998;4.6193257552396005e-011;
0.0050000000000000001;4.3608849170650998e-011;
0.0051000000000000004;4.7804107894400261e-011;
0.0052000000000000006;3.8936059237881793e-011;
0.0053000000000000009;4.8081760795071204e-011;
0.0054000000000000012;4.4630597828554386e-011;
0.0055000000000000014;4.3555565404362895e-011;
0.0056000000000000017;4.6224430533259309e-011;
0.0057000000000000019;4.4027521212131049e-011;
0.0058000000000000022;3.8396310436672465e-011;
0.0059000000000000025;3.8618049730265724e-011;
0.0060000000000000027;4.6870191755532531e-011;
0.006100000000000003;4.7571283717795509e-011;
0.0062000000000000033;4.8900276189423053e-011;
0.0063000000000000035;5.2926881627390898e-011;
0.0064000000000000038;4.5220754224528648e-011;
0.006500000000000004;5.103338931999879e-011;
0.0066000000000000043;4.0945861284891194e-011;
0.0067000000000000046;4.0954548780058886e-011;
0.0068000000000000048;4.8560176713063896e-011;
0.0069000000000000051;4.5038861529178575e-011;
0.0070000000000000053;4.5335787207667622e-011;
0.0071000000000000056;4.9635975885031769e-011;
0.0072000000000000059;4.8343110764514918e-011;
0.0073000000000000061;4.9977480487406467e-011;
0.0074000000000000064;4.3265502291944813e-011;
0.0075000000000000067;4.3712113789728946e-011;
0.0076000000000000069;4.4590654085796544e-011;
0.0077000000000000072;4.5391381625625726e-011;
0.0078000000000000074;4.2752072715313005e-011;
0.0079000000000000077;4.3415975675697993e-011;
0.0080000000000000071;4.572989556472784e-011;
0.0081000000000000065;4.7993012342040231e-011;
0.0082000000000000059;4.4083039302256211e-011;
0.0083000000000000053;3.6131309749665164e-011;
0.0084000000000000047;4.6431684885828162e-011;
0.0085000000000000041;3.7297203520081368e-011;
0.0086000000000000035;4.4512782348959945e-011;
0.0087000000000000029;5.1756661456625608e-011;
0.0088000000000000023;5.9035082378144921e-011;
0.0089000000000000017;5.7083397037027694e-011;
0.0090000000000000011;4.6530734126859485e-011;
0.0091000000000000004;4.6838553868777666e-011;
0.0091999999999999998;4.3480299222187213e-011;
0.0092999999999999992;5.4761160883654014e-011;
0.0093999999999999986;4.6931999952981585e-011;
0.009499999999999998;4.8771573585293382e-011;
0.0095999999999999974;3.7991828433225905e-011;
0.0096999999999999968;4.6904105599487877e-011;
0.0097999999999999962;5.365587835148844e-011;
0.0098999999999999956;4.2324969917739708e-011;
0.009999999999999995;4.1649367982232732e-011;
0.010099999999999994;4.7761759824904715e-011;
0.010199999999999994;4.6768776351679975e-011;
0.010299999999999993;3.6447119627913693e-011;
0.010399999999999993;5.4653167408380554e-011;
0.010499999999999992;3.9055876588367511e-011;
0.010599999999999991;5.3976684233347783e-011;
0.010699999999999991;4.7880491238494471e-011;
0.01079999999999999;3.6319214996582971e-011;
0.01089999999999999;3.2699166291338955e-011;
0.010999999999999989;4.2981944392561644e-011;
0.011099999999999988;3.6447119627913693e-011;
0.011199999999999988;4.4969951373818873e-011;
0.011299999999999987;4.6631889322190645e-011;
0.011399999999999987;5.0406592094764946e-011;
0.011499999999999986;5.2823377616473266e-011;
0.011599999999999985;4.501006511947736e-011;
0.011699999999999985;4.7663432228839397e-011;
0.011799999999999984;5.8338091302179151e-011;
0.011899999999999984;4.1347571200223143e-011;
0.011999999999999983;5.6636625944683772e-011;
0.012099999999999982;4.3427095253179004e-011;
0.012199999999999982;4.823094701400521e-011;
0.012299999999999981;4.8349494546906513e-011;
0.01239999999999998;3.5679553062051284e-011;
0.01249999999999998;4.0567844222794136e-011;
0.012599999999999979;4.680265203171885e-011;
0.012699999999999979;6.2452758242681483e-011;
0.012799999999999978;3.7459819968166386e-011;
0.012899999999999977;5.4405823596281877e-011;
0.012999999999999977;3.7268528541023471e-011;
0.013099999999999976;5.1433590025906639e-011;
0.013199999999999976;4.1832346614478766e-011;
0.013299999999999975;3.9607605389901934e-011;
0.013399999999999974;5.6200686465723848e-011;
0.013499999999999974;4.3710174368882804e-011;
0.013599999999999973;4.2730249893985217e-011;
0.013699999999999973;3.8577481487056531e-011;
0.013799999999999972;4.4682077482427474e-011;
0.013899999999999971;3.5445028856440075e-011;
0.013999999999999971;4.4084739331262668e-011;
0.01409999999999997;4.756318602860965e-011;
0.01419999999999997;3.4390601477696237e-011;
0.014299999999999969;5.491737967155963e-011;
0.014399999999999968;4.5886076188716984e-011;
0.014499999999999968;5.1468589806757947e-011;
0.014599999999999967;4.3241854541520297e-011;
0.014699999999999967;4.8948008840588031e-011;
0.014799999999999966;4.3723032139286744e-011;
0.014899999999999965;5.7689252680459546e-011;
0.014999999999999965;4.0357581859717939e-011;
0.015099999999999964;3.9943794799546239e-011;
0.015199999999999964;5.0410765839448146e-011;
0.015299999999999963;3.9876352220247213e-011;
0.015399999999999962;4.1661681049465216e-011;
0.015499999999999962;5.2168422359777367e-011;
0.015599999999999961;4.9617109032507045e-011;
0.015699999999999961;5.2787121895825351e-011;
0.01579999999999996;5.0040523807970416e-011;
0.015899999999999959;4.9715353361845516e-011;
0.015999999999999959;4.725501240310237e-011;
0.016099999999999958;4.3630894036583712e-011;
0.016199999999999957;4.8709335176422286e-011;
0.016299999999999957;5.5355692252234689e-011;
0.016399999999999956;3.9270996177176443e-011;
0.016499999999999956;4.2201183519940955e-011;
0.016599999999999955;5.0760409764372127e-011;
0.016699999999999954;5.1623462449246205e-011;
0.016799999999999954;4.3395669002688209e-011;
0.016899999999999953;4.8107962058452358e-011;
0.016999999999999953;5.6648498392153357e-011;
0.017099999999999952;4.0447364207940595e-011;
0.017199999999999951;5.2236277803263675e-011;
0.017299999999999951;4.1010445039901811e-011;
0.01739999999999995;4.9137100638363407e-011;
0.01749999999999995;4.4969951373818873e-011;
0.017599999999999949;4.6782831081282339e-011;
0.017699999999999948;4.9631583565190596e-011;
0.017799999999999948;5.2511342496508462e-011;
0.017899999999999947;4.6065679049078767e-011;
0.017999999999999947;5.038757952546824e-011;
0.018099999999999946;4.9801270746163695e-011;
0.018199999999999945;4.0949386242994379e-011;
0.018299999999999945;4.98789759495466e-011;
0.018399999999999944;4.8380365685884996e-011;
0.018499999999999944;4.7557117965890683e-011;
0.018599999999999943;4.5990263680684151e-011;
0.018699999999999942;4.1772339059997776e-011;
0.018799999999999942;5.3444863118423669e-011;
0.018899999999999941;4.8299760024850258e-011;
0.018999999999999941;5.579272807643143e-011;
0.01909999999999994;5.0187520805877739e-011;
0.019199999999999939;4.9066403717823448e-011;
0.019299999999999939;4.4851695274461534e-011;
0.019399999999999938;5.0065698115053792e-011;
0.019499999999999938;4.2991086385280042e-011;
0.019599999999999937;4.2064969563160304e-011;
0.019699999999999936;5.3901511726239804e-011;
0.019799999999999936;4.3055094212096634e-011;
0.019899999999999935;4.3291325385608204e-011;
0.019999999999999934;3.9527065648359283e-011;
0.020099999999999934;4.1062857975004974e-011;
0.020199999999999933;4.2877860984003036e-011;
0.020299999999999933;4.7207109749036746e-011;
0.020399999999999932;3.6206763281976251e-011;
0.020499999999999931;4.5546989790867798e-011;
0.020599999999999931;3.5850687002403347e-011;
0.02069999999999993;3.9926874306761562e-011;
0.02079999999999993;5.6243600055072562e-011;
0.020899999999999929;3.8173627453508274e-011;
0.020999999999999928;3.902424564050655e-011;
0.021099999999999928;4.1758346780440547e-011;
0.021199999999999927;5.2681352336048093e-011;
0.021299999999999927;3.8964217269343848e-011;
0.021399999999999926;4.9629512305360279e-011;
0.021499999999999925;4.1756691854244465e-011;
0.021599999999999925;4.7834299021776161e-011;
0.021699999999999924;5.1564436748252618e-011;
0.021799999999999924;5.1448852123048283e-011;
0.021899999999999923;5.0818974028921104e-011;
0.021999999999999922;4.8788226930662759e-011;
0.022099999999999922;5.0377164245718475e-011;
0.022199999999999921;4.1709049408700238e-011;
0.022299999999999921;5.2076253032051767e-011;
0.02239999999999992;6.0391018574801336e-011;
0.022499999999999919;4.9380936839593659e-011;
0.022599999999999919;4.6538488340797102e-011;
0.022699999999999918;3.7305266514797708e-011;
0.022799999999999918;5.790345286582621e-011;
0.022899999999999917;4.0053311362031607e-011;
0.022999999999999916;4.4895687861812306e-011;
0.023099999999999916;4.8103888927730765e-011;
0.023199999999999915;5.1538356915514782e-011;
0.023299999999999915;4.7387004042942493e-011;
0.023399999999999914;4.8232983579366007e-011;
0.023499999999999913;4.8293639920427012e-011;
0.023599999999999913;4.9391508244456261e-011;
0.023699999999999912;3.9802487694640121e-011;
0.023799999999999912;5.9819038611408359e-011;
0.023899999999999911;3.7216583981258822e-011;
0.02399999999999991;3.9217681185865771e-011;
0.02409999999999991;4.1493017355342943e-011;
0.024199999999999909;5.0780015609097617e-011;
0.024299999999999908;4.7775953332385157e-011;
0.024399999999999908;5.2207908135537551e-011;
0.024499999999999907;4.3410414152234011e-011;
0.024599999999999907;5.1394388744796515e-011;
0.024699999999999906;5.7780127904472067e-011;
0.024799999999999905;5.3658296556013951e-011;
0.024899999999999905;3.9898362391710407e-011;
0.024999999999999904;5.1287668556554422e-011;
0.025099999999999904;3.8778716349163744e-011;
0.025199999999999903;5.6062977177306905e-011;
0.025299999999999902;4.4624959977257461e-011;
0.025399999999999902;4.3075321087826524e-011;
0.025499999999999901;4.9159988579905445e-011;
0.025599999999999901;4.170550016446839e-011;
0.0256999999999999;4.0737194867412896e-011;
0.025799999999999899;3.7292498950014519e-011;
0.025899999999999899;5.2888724649813312e-011;
0.025999999999999898;3.6674271258752e-011;
0.026099999999999898;4.7798019014999582e-011;
0.026199999999999897;4.9857992734381185e-011;
0.026299999999999896;4.8765172455667027e-011;
0.026399999999999896;5.1509914389402667e-011;
0.026499999999999895;3.7477555780984773e-011;
0.026599999999999895;4.228965094776882e-011;
0.026699999999999894;4.5295534684131056e-011;
0.026799999999999893;4.2139240014060775e-011;
0.026899999999999893;4.6711339657390383e-011;
0.026999999999999892;5.196009594810036e-011;
0.027099999999999892;4.1904514580526353e-011;
0.027199999999999891;5.0231714621151724e-011;
0.02729999999999989;3.7905047156616689e-011;
0.02739999999999989;5.5464105530589336e-011;
0.027499999999999889;4.8208780717429178e-011;
0.027599999999999889;4.6498957462226542e-011;
0.027699999999999888;4.497585984197805e-011;
0.027799999999999887;4.3432410445909397e-011;
0.027899999999999887;4.6104287054760107e-011;
0.027999999999999886;5.0449318333978255e-011;
0.028099999999999885;4.6226172195629189e-011;
0.028199999999999885;4.598454256266038e-011;
0.028299999999999884;4.7011703557808815e-011;
0.028399999999999884;5.8196943791832823e-011;
0.028499999999999883;5.2139806361317653e-011;
0.028599999999999882;5.0628501391258851e-011;
0.028699999999999882;5.7006916548418829e-011;
0.028799999999999881;3.8254135970028358e-011;
0.028899999999999881;4.0829270520070793e-011;
0.02899999999999988;4.3671372074172154e-011;
0.029099999999999879;3.7709245448436235e-011;
0.029199999999999879;5.1322616295701451e-011;
0.029299999999999878;4.2330458582817698e-011;
0.029399999999999878;4.0718001886874688e-011;
0.029499999999999877;3.4353821870558576e-011;
0.029599999999999876;4.6005692311279489e-011;
0.029699999999999876;4.9933401163881896e-011;
0.029799999999999875;4.0159719300048025e-011;
0.029899999999999875;4.4258832709864748e-011;
0.029999999999999874;4.4467023813110629e-011;
0.030099999999999873;4.6832523969975171e-011;
0.030199999999999873;4.2566606489602421e-011;
0.030299999999999872;4.6568277012326575e-011;
0.030399999999999872;4.9757267750472067e-011;
0.030499999999999871;4.6191508951132221e-011;
0.03059999999999987;4.9489530529189807e-011;
0.03069999999999987;4.7137307945810392e-011;
0.030799999999999869;4.781399928766028e-011;
0.030899999999999869;4.128814304338313e-011;
0.030999999999999868;4.0935532741315228e-011;
0.031099999999999867;4.8981121242297476e-011;
0.031199999999999867;5.8600381491746845e-011;
0.03129999999999987;5.6951807853033998e-011;
0.031399999999999872;3.8217158604414436e-011;
0.031499999999999875;4.1730143646168116e-011;
0.031599999999999878;4.0333809209203153e-011;
0.031699999999999881;4.1765462616139004e-011;
0.031799999999999884;4.2162346530760786e-011;
0.031899999999999887;4.1732037964203883e-011;
0.03199999999999989;5.253765825163903e-011;
0.032099999999999893;4.8134173730174368e-011;
0.032199999999999895;5.04297749392979e-011;
0.032299999999999898;5.5885122918208907e-011;
0.032399999999999901;4.6222432131814983e-011;
0.032499999999999904;4.4782927366426861e-011;
0.032599999999999907;4.879233128640692e-011;
0.03269999999999991;4.5228397416163801e-011;
0.032799999999999913;4.671710587822453e-011;
0.032899999999999915;4.48344972259207e-011;
0.032999999999999918;4.6121721025693674e-011;
0.033099999999999921;4.6673491460591521e-011;
0.033199999999999924;6.2400300204767944e-011;
0.033299999999999927;3.7682214987233564e-011;
0.03339999999999993;5.4168221991224286e-011;
0.033499999999999933;4.8738273833448531e-011;
0.033599999999999935;4.2479290918162604e-011;
0.033699999999999938;5.2447286097434542e-011;
0.033799999999999941;3.8577481487056531e-011;
0.033899999999999944;5.6963714994973103e-011;
0.033999999999999947;4.5795416070415484e-011;
0.03409999999999995;4.7085439713878685e-011;
0.034199999999999953;3.6397745928340441e-011;
0.034299999999999956;4.7300923594617572e-011;
0.034399999999999958;4.081708235292858e-011;
0.034499999999999961;5.7100300182577612e-011;
0.034599999999999964;4.5025570077905641e-011;
0.034699999999999967;4.2903569585917012e-011;
0.03479999999999997;4.1754797536208699e-011;
0.034899999999999973;4.7916545731219173e-011;
0.034999999999999976;4.4247855379708767e-011;
0.035099999999999978;5.0812437590863624e-011;
0.035199999999999981;4.8597504492819965e-011;
0.035299999999999984;4.3259951176821687e-011;
0.035399999999999987;4.8842058869569271e-011;
0.03549999999999999;5.1651672522412539e-011;
0.035599999999999993;5.069978464833369e-011;
0.035699999999999996;4.7057496788127651e-011;
0.035799999999999998;4.232854344810022e-011;
0.035900000000000001;4.3719392689434144e-011;
0.036000000000000004;4.5568035456078348e-011;
0.036100000000000007;4.7749842274624754e-011;
0.03620000000000001;4.6639653944469117e-011;
0.036300000000000013;4.0605237922042292e-011;
0.036400000000000016;3.2958344386990746e-011;
0.036500000000000019;4.5770345846740668e-011;
0.036600000000000021;3.7789486817541018e-011;
0.036700000000000024;4.2483114248703657e-011;
0.036800000000000027;3.6029935979176031e-011;
0.03690000000000003;4.4514499725201162e-011;
0.037000000000000033;4.7035604577860823e-011;
0.037100000000000036;4.4847760921618018e-011;
0.037200000000000039;4.8073618003074969e-011;
0.037300000000000041;4.1354648872005129e-011;
0.037400000000000044;4.1031358866128187e-011;
0.037500000000000047;4.2058068833172868e-011;
0.03760000000000005;4.6397944514220413e-011;
0.037700000000000053;4.3846589553586668e-011;
0.037800000000000056;4.4334282772728884e-011;
0.037900000000000059;5.1955592605956724e-011;
0.038000000000000062;4.6705327105822647e-011;
0.038100000000000064;4.654249902147356e-011;
0.038200000000000067;4.2252441129209117e-011;
0.03830000000000007;5.1459902311590255e-011;
0.038400000000000073;4.757735871940838e-011;
0.038500000000000076;4.5548970845077363e-011;
0.038600000000000079;4.4822950906464598e-011;
0.038700000000000082;4.9790917916459065e-011;
0.038800000000000084;4.3887175144030621e-011;
0.038900000000000087;5.4289253648143188e-011;
0.03900000000000009;5.2258291444173821e-011;
0.039100000000000093;4.8742367780851836e-011;
0.039200000000000096;4.5279981153445448e-011;
0.039300000000000099;4.3157467183307929e-011;
0.039400000000000102;5.019817894691414e-011;
0.039500000000000104;5.036857736451239e-011;
0.039600000000000107;4.5418332289548502e-011;
0.03970000000000011;4.6665470099238604e-011;
0.039800000000000113;4.6005692311279489e-011;
0.039900000000000116;5.3377031961066024e-011;
0.040000000000000119;4.773564529769736e-011;
0.040100000000000122;4.3192414922454958e-011;
0.040200000000000125;4.1605340700412441e-011;
0.040300000000000127;4.0115796101636292e-011;
0.04040000000000013;4.595344590963002e-011;
0.040500000000000133;4.2248864129401653e-011;
0.040600000000000136;4.49586340378616e-011;
0.040700000000000139;4.9780301408786087e-011;
0.040800000000000142;4.285792554181711e-011;
0.040900000000000145;3.3037159813398276e-011;
0.041000000000000147;4.1999799471614807e-011;
0.04110000000000015;4.3783941749975241e-011;
0.041200000000000153;5.442666109467531e-011;
0.041300000000000156;5.400633759644613e-011;
0.041400000000000159;4.0527196182305048e-011;
0.041500000000000162;4.1494904734484805e-011;
0.041600000000000165;4.5903225665000491e-011;
0.041700000000000167;4.0477930035587306e-011;
0.04180000000000017;4.0100690129607486e-011;
0.041900000000000173;4.341234663418625e-011;
0.042000000000000176;4.9162045961947953e-011;
0.042100000000000179;4.4303751639551692e-011;
0.042200000000000182;3.9446612642990431e-011;
0.042300000000000185;5.3288616574942438e-011;
0.042400000000000188;4.7880491238494471e-011;
0.04250000000000019;5.0071932711226452e-011;
0.042600000000000193;5.7090606547793854e-011;
0.042700000000000196;4.4735309207011298e-011;
0.042800000000000199;5.1326817795960267e-011;
0.042900000000000202;4.7930766994275231e-011;
0.043000000000000205;4.9523087020109102e-011;
0.043100000000000208;4.5914910762334671e-011;
0.04320000000000021;5.2280305085083967e-011;
0.043300000000000213;4.0520191368909053e-011;
0.043400000000000216;4.5427731021341344e-011;
0.043500000000000219;5.6782217816575553e-011;
0.043600000000000222;4.789851501540987e-011;
0.043700000000000225;5.0175041205191562e-011;
0.043800000000000228;4.1902856184883319e-011;
0.043900000000000231;5.4573186247797167e-011;
0.044000000000000233;5.7915738177483078e-011;
0.044100000000000236;5.125509391912253e-011;
0.044200000000000239;5.442666109467531e-011;
0.044300000000000242;4.6042523960121429e-011;
0.044400000000000245;4.8334950625283923e-011;
0.044500000000000248;3.9445002819604724e-011;
0.044600000000000251;5.1999501926580649e-011;
0.044700000000000253;5.247811213360265e-011;
0.044800000000000256;4.2732165028702696e-011;
0.044900000000000259;4.4029467571871095e-011;
0.045000000000000262;4.4882167427040542e-011;
0.045100000000000265;4.280677895485141e-011;
0.045200000000000268;4.9855914535656964e-011;
0.045300000000000271;4.1267166767111618e-011;
0.045400000000000273;4.305870937582057e-011;
0.045500000000000276;4.4326712439479721e-011;
0.045600000000000279;5.702132169216334e-011;
0.045700000000000282;3.9743486279775198e-011;
0.045800000000000285;5.1174755405503092e-011;
0.045900000000000288;4.421637361806674e-011;
0.046000000000000291;4.6137170472970723e-011;
0.046100000000000294;5.0419356190101183e-011;
0.046200000000000296;5.3933569416075855e-011;
0.046300000000000299;4.1102829473338431e-011;
0.046400000000000302;4.92997621892588e-011;
0.046500000000000305;5.1209401302765301e-011;
0.046600000000000308;3.9718280747669255e-011;
0.046700000000000311;3.1926936788773119e-011;
0.046800000000000314;4.7408976050489215e-011;
0.046900000000000316;4.3693684087520168e-011;
0.047000000000000319;4.314276366712555e-011;
0.047100000000000322;4.2257683463553519e-011;
0.047200000000000325;5.0286590863590774e-011;
0.047300000000000328;4.5279981153445448e-011;
0.047400000000000331;4.6681509352497486e-011;
0.047500000000000334;4.822304361384866e-011;
0.047600000000000336;4.943947334856702e-011;
0.047700000000000339;4.9864203044425182e-011;
0.047800000000000342;4.9355929065963977e-011;
0.047900000000000345;3.9512077637526843e-011;
0.048000000000000348;4.7139327163936429e-011;
0.048100000000000351;5.2586067444959639e-011;
0.048200000000000354;4.2956454365805641e-011;
0.048300000000000357;4.6681509352497486e-011;
0.048400000000000359;5.2522236559937596e-011;
0.048500000000000362;4.3252717379926864e-011;
0.048600000000000365;5.0315994426508581e-011;
0.048700000000000368;6.2361185659831619e-011;
0.048800000000000371;4.3478359801341071e-011;
0.048900000000000374;4.6144893461885772e-011;
0.049000000000000377;5.0434212361949449e-011;
0.049100000000000379;4.7812226400267832e-011;
0.049200000000000382;5.030558608565272e-011;
0.049300000000000385;3.7832802862736159e-011;
0.049400000000000388;5.19622088412941e-011;
0.049500000000000391;4.1461591104852147e-011;
0.049600000000000394;4.4514499725201162e-011;
0.049700000000000397;4.5218773170319082e-011;
0.0498000000000004;4.7920608453599911e-011;
0.049900000000000402;4.0584906962903844e-011;
0.050000000000000405;3.8323601236900373e-011;
0.050100000000000408;4.3289396373102917e-011;
0.050200000000000411;4.4114465552747006e-011;
0.050300000000000414;4.1435133102396549e-011;
0.050400000000000417;3.8018966447284086e-011;
0.05050000000000042;4.9451859274185495e-011;
0.050600000000000422;5.311227152526854e-011;
0.050700000000000425;4.6032819916996814e-011;
0.050800000000000428;4.8661720486453675e-011;
0.050900000000000431;3.6011662402080091e-011;
0.051000000000000434;3.9205961394062072e-011;
0.051100000000000437;4.8781822331589453e-011;
0.05120000000000044;5.0559341435718608e-011;
0.051300000000000442;4.0225541647620489e-011;
0.051400000000000445;4.4238581548006195e-011;
0.051500000000000448;3.6917736229158393e-011;
0.051600000000000451;4.5422034189446236e-011;
0.051700000000000454;4.9332996021611564e-011;
0.051800000000000457;5.2443039494365351e-011;
0.05190000000000046;4.4457486303439708e-011;
0.052000000000000463;4.6245632323582697e-011;
0.052100000000000465;3.8328375195906261e-011;
0.052200000000000468;3.5918157337277989e-011;
0.052300000000000471;3.7202713132344911e-011;
0.052400000000000474;3.7278159725762094e-011;
0.052500000000000477;5.3785486481272571e-011;
0.05260000000000048;3.9788828481990279e-011;
0.052700000000000483;4.940182291024442e-011;
0.052800000000000485;4.6423684341156957e-011;
0.052900000000000488;4.0577891741166994e-011;
0.053000000000000491;5.0736623236069534e-011;
0.053100000000000494;4.4945106664195933e-011;
0.053200000000000497;4.552965990334279e-011;
0.0533000000000005;5.5133998061451805e-011;
0.053400000000000503;4.1962718022592327e-011;
0.053500000000000505;5.7492691163396614e-011;
0.053600000000000508;5.4602728588593052e-011;
0.053700000000000511;6.0499112664036403e-011;
0.053800000000000514;4.2268421401869816e-011;
0.053900000000000517;4.2187125320891639e-011;
0.05400000000000052;5.3338441302619444e-011;
0.054100000000000523;4.7874395420199889e-011;
0.054200000000000526;3.8601868229681813e-011;
0.054300000000000528;4.3562830426280286e-011;
0.054400000000000531;4.4505198137922974e-011;
0.054500000000000534;4.5918890217988562e-011;
0.054600000000000537;4.340678858016922e-011;
0.05470000000000054;5.7354520438535062e-011;
0.054800000000000543;4.7597353142192489e-011;
0.054900000000000546;4.1118584231947253e-011;
0.055000000000000548;4.5793424607865063e-011;
0.055100000000000551;5.1313942678321567e-011;
0.055200000000000554;4.0289792335723718e-011;
0.055300000000000557;5.1302906367567402e-011;
0.05540000000000056;6.1539676132760235e-011;
0.055500000000000563;5.1671448370038675e-011;
0.055600000000000566;4.2229549718220127e-011;
0.055700000000000569;4.2380120246487962e-011;
0.055800000000000571;3.6274344639153355e-011;
0.055900000000000574;4.429447780784912e-011;
0.056000000000000577;4.0998229117183982e-011;
0.05610000000000058;4.4431069934347533e-011;
0.056200000000000583;4.1440566256323308e-011;
0.056300000000000586;4.5976829982086187e-011;
0.056400000000000589;4.8475338326747774e-011;
0.056500000000000591;5.8412087666770418e-011;
0.056600000000000594;3.6059231989238327e-011;
0.056700000000000597;4.716124366033192e-011;
0.0568000000000006;4.0907603693352002e-011;
0.056900000000000603;4.7350890569619608e-011;
0.057000000000000606;5.4316832281964267e-011;
0.057100000000000609;4.3179397557491228e-011;
0.057200000000000611;4.1013973467451947e-011;
0.057300000000000614;3.8152779546773985e-011;
0.057400000000000617;6.2604775530328283e-011;
0.05750000000000062;4.2812309253292824e-011;
0.057600000000000623;4.5572001033944431e-011;
0.057700000000000626;4.1775895243123529e-011;
0.057800000000000629;5.1710746795663454e-011;
0.057900000000000632;5.0697699510715566e-011;
0.058000000000000634;4.8891807269413334e-011;
0.058100000000000637;5.1479376317331571e-011;
0.05820000000000064;3.9604146351290836e-011;
0.058300000000000643;5.0196093809296016e-011;
0.058400000000000646;5.8744259456844361e-011;
0.058500000000000649;4.6372211626177773e-011;
0.058600000000000652;4.0271157936144775e-011;
0.058700000000000654;4.7059509067359784e-011;
0.058800000000000657;4.0247648963598337e-011;
0.05890000000000066;5.0124647488214435e-011;
0.059000000000000663;4.7511085343732162e-011;
0.059100000000000666;4.6326754932213277e-011;
0.059200000000000669;4.3597944698881008e-011;
0.059300000000000672;4.3077000300151269e-011;
0.059400000000000674;4.9091328224726283e-011;
0.059500000000000677;5.2805246286702356e-011;
0.05960000000000068;4.958351784711823e-011;
0.059700000000000683;5.3749171780026472e-011;
0.059800000000000686;4.0718001886874688e-011;
0.059900000000000689;5.0101270354652172e-011;
0.060000000000000692;4.4767703433201689e-011;
0.060100000000000695;4.6752973020813826e-011;
0.060200000000000697;4.6842321688167488e-011;
0.0603000000000007;4.6214702204006031e-011;
0.060400000000000703;5.7782639784065282e-011;
0.060500000000000706;4.5144055160761809e-011;
0.060600000000000709;3.9859674588749172e-011;
0.060700000000000712;4.1754797536208699e-011;
0.060800000000000715;4.9372686494741913e-011;
0.060900000000000717;3.8330189716662133e-011;
0.06100000000000072;4.6921948965161775e-011;
0.061100000000000723;4.6520724772403099e-011;
0.061200000000000726;4.5880115678853528e-011;
0.061300000000000729;4.5366422424253372e-011;
0.061400000000000732;4.584358934134336e-011;
0.061500000000000735;4.3278294142856666e-011;
0.061600000000000737;4.6906117878720011e-011;
0.06170000000000074;3.9980904004144335e-011;
0.061800000000000743;4.1220041269163232e-011;
0.061900000000000746;4.5706580881210712e-011;
0.062000000000000749;4.2348121537250094e-011;
0.062100000000000752;4.802122935410047e-011;
0.062200000000000755;5.0780015609097617e-011;
0.062300000000000758;4.7854342016817597e-011;
0.06240000000000076;4.7942705361236904e-011;
0.062500000000000763;4.8649181905169314e-011;
0.062600000000000766;4.0822237951099183e-011;
0.062700000000000769;4.8194774560084142e-011;
0.062800000000000772;3.5763537964417225e-011;
0.062900000000000775;4.0196929118607727e-011;
0.063000000000000778;3.6835520744737948e-011;
0.06310000000000078;4.7495146704434887e-011;
0.063200000000000783;4.7882520864961364e-011;
0.063300000000000786;5.2425501440023226e-011;
0.063400000000000789;4.5230371531479463e-011;
0.063500000000000792;4.8626411924823643e-011;
0.063600000000000795;4.3421533729715023e-011;
0.063700000000000798;4.8960325377267466e-011;
0.063800000000000801;4.9399762058754959e-011;
0.063900000000000803;6.2337718320648605e-011;
0.064000000000000806;5.0710755039595767e-011;
0.064100000000000809;4.040677514804969e-011;
0.064200000000000812;4.2978336167731612e-011;
0.064300000000000815;5.1540462869814618e-011;
0.064400000000000818;5.3078322986843673e-011;
0.064500000000000821;5.3574214509133355e-011;
0.064600000000000823;4.2706751329779635e-011;
0.064700000000000826;4.759937929921243e-011;
0.064800000000000829;5.4878237371047689e-011;
0.064900000000000832;4.3267438243344003e-011;
0.065000000000000835;4.6492951849552711e-011;
0.065100000000000838;5.2581813902996544e-011;
0.065200000000000841;3.7988435314106894e-011;
0.065300000000000843;4.6372211626177773e-011;
0.065400000000000846;4.8626411924823643e-011;
0.065500000000000849;6.5278907279697762e-011;
0.065600000000000852;5.0065698115053792e-011;
0.065700000000000855;4.9018612086060287e-011;
0.065800000000000858;4.7621403348463431e-011;
0.065900000000000861;5.0194015610571796e-011;
0.066000000000000864;4.8417624076702026e-011;
0.066100000000000866;4.5912922769231201e-011;
0.066200000000000869;4.0522057931369204e-011;
0.066300000000000872;3.7635613375774923e-011;
0.066400000000000875;5.2920209880902291e-011;
0.066500000000000878;4.3850235942333171e-011;
0.066600000000000881;5.2394699689983781e-011;
0.066700000000000884;5.0031957743446043e-011;
0.066800000000000886;5.8602907249127867e-011;
0.066900000000000889;4.7868303071352258e-011;
0.067000000000000892;4.3485864215098147e-011;
0.067100000000000895;3.7163785937543992e-011;
0.067200000000000898;4.5176602042618086e-011;
0.067300000000000901;5.701162458793263e-011;
0.067400000000000904;6.1238430992816006e-011;
0.067500000000000906;4.5278249899416423e-011;
0.067600000000000909;3.7218155640728057e-011;
0.067700000000000912;4.5508617707579191e-011;
0.067800000000000915;5.1809195822372089e-011;
0.067900000000000918;3.6725390090142085e-011;
0.068000000000000921;5.2757805069081343e-011;
0.068100000000000924;4.3549996942005009e-011;
0.068200000000000927;4.1656469940143381e-011;
0.068300000000000929;4.3324160231561493e-011;
0.068400000000000932;4.1034883824231372e-011;
0.068500000000000935;5.1837457937242704e-011;
0.068600000000000938;5.4035997898438382e-011;
0.068700000000000941;4.6961913524601329e-011;
0.068800000000000944;4.8456946788455468e-011;
0.068900000000000947;4.1204262224425747e-011;
0.069000000000000949;4.4838424639870311e-011;
0.069100000000000952;4.498914435435708e-011;
0.069200000000000955;5.1535987283246598e-011;
0.069300000000000958;4.385946814067232e-011;
0.069400000000000961;5.3109867198530836e-011;
0.069500000000000964;4.3227147555890966e-011;
0.069600000000000967;4.3557501355762085e-011;
0.06970000000000097;5.5970447027098302e-011;
0.069800000000000972;4.0653647115362901e-011;
0.069900000000000975;4.3605213190245351e-011;
0.070000000000000978;5.3524282228600839e-011;
0.070100000000000981;4.9387379602583437e-011;
0.070200000000000984;4.053210198029511e-011;
0.070300000000000987;4.2080915141351483e-011;
0.07040000000000099;4.1535087869082332e-011;
0.070500000000000992;4.4364577983513342e-011;
0.070600000000000995;4.9633904625201453e-011;
0.070700000000000998;4.6526733854523883e-011;
0.070800000000001001;5.1381246479742515e-011;
0.070900000000001004;4.4258832709864748e-011;
0.071000000000001007;4.0320299182772246e-011;
0.07110000000000101;4.4208813693158433e-011;
0.071200000000001012;4.3616357053855026e-011;
0.071300000000001015;4.533381309235196e-011;
0.071400000000001018;4.8158355775429484e-011;
0.071500000000001021;4.9276839553247243e-011;
0.071600000000001024;3.953375474208265e-011;
0.071700000000001027;4.862436495112199e-011;
0.07180000000000103;4.340123052615219e-011;
0.071900000000001033;4.4389263098576492e-011;
0.072000000000001035;4.4003422433602779e-011;
0.072100000000001038;4.1584284626861034e-011;
0.072200000000001041;4.790258120723756e-011;
0.072300000000001044;4.2126857557889252e-011;
0.072400000000001047;4.1029710878826009e-011;
0.07250000000000105;7.0439175325898162e-011;
0.072600000000001053;4.0288158226209347e-011;
0.072700000000001055;3.9847864591324722e-011;
0.072800000000001058;5.0223391417913987e-011;
0.072900000000001061;4.2098529523526551e-011;
0.073000000000001064;4.8326787016605977e-011;
0.073100000000001067;5.8058769597524318e-011;
0.07320000000000107;5.9022682574738639e-011;
0.073300000000001073;4.5191888425888393e-011;
0.073400000000001075;4.7707771760885365e-011;
0.073500000000001078;3.7760627957794668e-011;
0.073600000000001081;4.6057962999057622e-011;
0.073700000000001084;5.1890033936352609e-011;
0.073800000000001087;4.4029467571871095e-011;
0.07390000000000109;4.1272346651410885e-011;
0.074000000000001093;4.999433853014601e-011;
0.074100000000001096;3.8738064839227704e-011;
0.074200000000001098;4.9487466208253394e-011;
0.074300000000001101;4.207734161099097e-011;
0.074400000000001104;4.0132754758337441e-011;
0.074500000000001107;3.8733270063540104e-011;
0.07460000000000111;4.2474027767136491e-011;
0.074700000000001113;4.6701309486252285e-011;
0.074800000000001116;4.1700285585699604e-011;
0.074900000000001118;5.2304442027528708e-011;
0.075000000000001121;4.421637361806674e-011;
0.075100000000001124;4.1950359852549468e-011;
0.075200000000001127;3.9413205338290069e-011;
0.07530000000000113;4.5489313704738521e-011;
0.075400000000001133;5.7260928637559161e-011;
0.075500000000001136;4.0357581859717939e-011;
0.075600000000001139;3.8773918104029192e-011;
0.075700000000001141;5.1922806332260762e-011;
0.075800000000001144;4.8742367780851836e-011;
0.075900000000001147;4.4962325529418479e-011;
0.07600000000000115;4.4410045085818695e-011;
0.076100000000001153;4.2394209670559846e-011;
0.076200000000001156;5.5473670795835872e-011;
0.076300000000001159;4.5424018713102754e-011;
0.076400000000001161;4.3298569590843883e-011;
0.076500000000001164;4.855199575715119e-011;
0.076600000000001167;4.3122762305447537e-011;
0.07670000000000117;4.0092096309507497e-011;
0.076800000000001173;4.1429939340309474e-011;
0.076900000000001176;4.3075321087826524e-011;
0.077000000000001179;4.9343560487580262e-011;
0.077100000000001181;4.11482375950456e-011;
0.077200000000001184;5.1920693439067023e-011;
0.077300000000001187;5.3547097311756886e-011;
0.07740000000000119;4.8730078999748017e-011;
0.077500000000001193;3.9594220263561297e-011;
0.077600000000001196;5.3229712304592169e-011;
0.077700000000001199;4.1989103166661934e-011;
0.077800000000001202;4.49490444864864e-011;
0.077900000000001204;5.6314879842700449e-011;
0.078000000000001207;3.9428182940781653e-011;
0.07810000000000121;4.491855151722568e-011;
0.078200000000001213;4.5012032295899118e-011;
0.078300000000001216;4.3344446087889565e-011;
0.078400000000001219;4.3392043430623417e-011;
0.078500000000001222;4.2673909544932442e-011;
0.078600000000001224;4.8312253503324243e-011;
0.078700000000001227;4.3280223155361952e-011;
0.07880000000000123;5.0706314147497267e-011;
0.078900000000001233;3.9199300055914321e-011;
0.079000000000001236;4.686818294574735e-011;
0.079100000000001239;4.8013350240072583e-011;
0.079200000000001242;4.4131039100836489e-011;
0.079300000000001244;5.1750066037969944e-011;
0.079400000000001247;4.4754453615292178e-011;
0.07950000000000125;4.3395669002688209e-011;
0.079600000000001253;4.3060631449431952e-011;
0.079700000000001256;5.1194173900093176e-011;
0.079800000000001259;5.0994351102895408e-011;
0.079900000000001262;4.852081236794703e-011;
0.080000000000001265;5.1844063764239223e-011;
0.080100000000001267;4.9883118469207233e-011;
0.08020000000000127;4.4195886533815454e-011;
0.080300000000001273;5.60890743572795e-011;
0.080400000000001276;4.8682450431991597e-011;
0.080500000000001279;6.765695642618752e-011;
0.080600000000001282;4.9834934789938501e-011;
0.080700000000001285;4.703359229862869e-011;
0.080800000000001287;4.697976382916913e-011;
0.08090000000000129;4.5689462629949773e-011;
0.081000000000001293;5.6755957572596216e-011;
0.081100000000001296;5.0516053146099082e-011;
0.081200000000001299;5.300378191908095e-011;
0.081300000000001302;4.6051985141959406e-011;
0.081400000000001305;4.2074010941917095e-011;
0.081500000000001308;4.1270702133555659e-011;
0.08160000000000131;4.6038544504467538e-011;
0.081700000000001313;4.6784836421620568e-011;
0.081800000000001316;5.3860575721653703e-011;
0.081900000000001319;4.6894054611668068e-011;
0.082000000000001322;4.802122935410047e-011;
0.082100000000001325;4.9318309852663944e-011;
0.082200000000001328;4.1721372884273578e-011;
0.08230000000000133;3.9329647177899218e-011;
0.082400000000001333;4.1358184238449169e-011;
0.082500000000001336;4.9212221103767106e-011;
0.082600000000001339;4.3500380381145121e-011;
0.082700000000001342;5.1747956614223156e-011;
0.082800000000001345;5.4873616067707687e-011;
0.082900000000001348;4.5629722222884084e-011;
0.08300000000000135;4.2091628793539115e-011;
0.083100000000001353;4.9124752876661404e-011;
0.083200000000001356;4.557570987273607e-011;
0.083300000000001359;4.3726664650245439e-011;
0.083400000000001362;5.3284064660541475e-011;
0.083500000000001365;6.2026724034769387e-011;
0.083600000000001368;5.8503812905286168e-011;
0.083700000000001371;4.7195261587695825e-011;
0.083800000000001373;5.1370463438615843e-011;
0.083900000000001376;4.7465070068808402e-011;
0.084000000000001379;4.1500101966018832e-011;
0.084100000000001382;4.3863114529418823e-011;
0.084200000000001385;4.5329861392273685e-011;
0.084300000000001388;4.062768177437448e-011;
0.084400000000001391;4.1223337243767588e-011;
0.084500000000001393;4.321243363136773e-011;
0.084600000000001396;4.8740320807150184e-011;
0.084700000000001399;5.3601609262265981e-011;
0.084800000000001402;4.8033431399030491e-011;
0.084900000000001405;4.4590654085796544e-011;
0.085000000000001408;4.4773598023573058e-011;
0.085100000000001411;4.4512782348959945e-011;
0.085200000000001413;3.8626254972307095e-011;
0.085300000000001416;4.5418332289548502e-011;
0.085400000000001419;4.5316521368743423e-011;
0.085500000000001422;4.4086692629896618e-011;
0.085600000000001425;5.5991856984238808e-011;
0.085700000000001428;5.4111264080614063e-011;
0.085800000000001431;4.8516725359437629e-011;
0.085900000000001434;4.8128064034091977e-011;
0.086000000000001436;4.4529917947455644e-011;
0.086100000000001439;5.4134207533307332e-011;
0.086200000000001442;4.6415687265932704e-011;
0.086300000000001445;4.3364496021824905e-011;
0.086400000000001448;4.4229307716303623e-011;
0.086500000000001451;4.6973733930366635e-011;
0.086600000000001454;4.3067851368538967e-011;
0.086700000000001456;4.4951011662908158e-011;
0.086800000000001459;5.2423117929967233e-011;
0.086900000000001462;4.974691839021439e-011;
0.087000000000001465;3.8742863084362256e-011;
0.087100000000001468;4.1695074476377769e-011;
0.087200000000001471;5.5892252631695172e-011;
0.087300000000001474;6.1000371420760757e-011;
0.087400000000001477;4.7926704271894494e-011;
0.087500000000001479;4.5128775716385405e-011;
0.087600000000001482;4.1536978717671147e-011;
0.087700000000001485;4.694582569908512e-011;
0.087800000000001488;4.4303751639551692e-011;
0.087900000000001491;4.4427159867632682e-011;
0.088000000000001494;4.0410036428184526e-011;
0.088100000000001497;4.111506274329102e-011;
0.088200000000001499;4.4594578030299203e-011;
0.088300000000001502;4.227366720566117e-011;
0.088400000000001505;4.4079382505168851e-011;
0.088500000000001508;4.5799135317547979e-011;
0.088600000000001511;5.682286238761769e-011;
0.088700000000001514;5.1029201697527782e-011;
0.088800000000001517;4.7551299703352257e-011;
0.088900000000001519;3.5014748045458788e-011;
0.089000000000001522;5.4550145650589243e-011;
0.089100000000001525;4.3316919495772765e-011;
0.089200000000001528;4.2886992568380577e-011;
0.089300000000001531;3.3721560266375405e-011;
0.089400000000001534;4.0041466670137638e-011;
0.089500000000001537;4.0904089143589673e-011;
0.08960000000000154;5.9786696426922248e-011;
0.089700000000001542;3.7353009574303542e-011;
0.089800000000001545;5.5096413542621292e-011;
0.089900000000001548;5.7256210189704504e-011;
0.090000000000001551;4.3283845257979792e-011;
0.090100000000001554;4.4387306330495591e-011;
0.090200000000001557;4.0863975397931185e-011;
0.09030000000000156;5.1876825751806521e-011;
0.090400000000001562;3.9664656975579859e-011;
0.090500000000001565;4.4969951373818873e-011;
0.090600000000001568;4.773564529769736e-011;
0.090700000000001571;4.1422854729633585e-011;
0.090800000000001574;5.4442630958995153e-011;
0.090900000000001577;5.427114313505399e-011;
0.09100000000000158;4.4379732527799476e-011;
0.091100000000001582;4.8109995154366203e-011;
0.091200000000001585;5.2647809722916605e-011;
0.091300000000001588;5.7465435188142067e-011;
0.091400000000001591;5.1485961327646379e-011;
0.091500000000001594;4.0428695113892132e-011;
0.091600000000001597;5.6775029122491105e-011;
0.0917000000000016;5.5662644632414882e-011;
0.091800000000001603;4.4396836901272607e-011;
0.091900000000001605;4.3379234232476804e-011;
0.092000000000001608;4.1167531189545414e-011;
0.092100000000001611;4.7972941591423179e-011;
0.092200000000001614;4.3757969470092917e-011;
0.092300000000001617;4.2996616683721456e-011;
0.09240000000000162;4.3715753239581545e-011;
0.092500000000001623;4.6051985141959406e-011;
0.092600000000001625;4.7089464272342951e-011;
0.092700000000001628;5.3626322132904747e-011;
0.092800000000001631;3.7702934524430631e-011;
0.092900000000001634;4.4406374410943528e-011;
0.093000000000001637;5.3225163859638158e-011;
0.09310000000000164;4.4298134604936479e-011;
0.093200000000001643;4.2572112501915171e-011;
0.093300000000001646;3.4870099863137938e-011;
0.093400000000001648;3.8448161321369412e-011;
0.093500000000001651;4.7087451993110818e-011;
0.093600000000001654;5.1292133734781586e-011;
0.093700000000001657;5.1767486131115703e-011;
0.09380000000000166;4.8979070799148872e-011;
0.093900000000001663;3.40707843882182e-011;
0.094000000000001666;5.1817914542562349e-011;
0.094100000000001668;4.4260786008498698e-011;
0.094200000000001671;4.6216693666556452e-011;
0.094300000000001674;4.0333809209203153e-011;
0.094400000000001677;4.4541179772261685e-011;
0.09450000000000168;3.7006505498871078e-011;
0.094600000000001683;4.5500696960187881e-011;
0.094700000000001686;5.2021460056339563e-011;
0.094800000000001688;4.4804042420576451e-011;
0.094900000000001691;5.1771972126024579e-011;
0.095000000000001694;4.6383948765216232e-011;
0.095100000000001697;4.3027654356153633e-011;
0.0952000000000017;3.9830957976327852e-011;
0.095300000000001703;5.0008868573980791e-011;
0.095400000000001706;4.9975409227576151e-011;
0.095500000000001709;3.380256838325657e-011;
0.095600000000001711;5.0527002720679448e-011;
0.095700000000001714;5.4433429985678572e-011;
0.095800000000001717;5.2297811914403525e-011;
0.09590000000000172;4.6524725044738702e-011;
0.096000000000001723;3.9607605389901934e-011;
0.096100000000001726;3.8528957801986508e-011;
0.096200000000001729;4.8754920239924004e-011;
0.096300000000001731;4.1665230293697064e-011;
0.096400000000001734;4.778787435211207e-011;
0.096500000000001737;5.7622670524004604e-011;
0.09660000000000174;4.9272464580640829e-011;
0.096700000000001743;5.1085562863262268e-011;
0.096800000000001746;4.1500101966018832e-011;
0.096900000000001749;4.0527196182305048e-011;
0.097000000000001751;5.3381587344913939e-011;
0.097100000000001754;5.2074129730517171e-011;
0.097200000000001757;4.1925650451357654e-011;
0.09730000000000176;4.1996232880148199e-011;
0.097400000000001763;3.9871259072121745e-011;
0.097500000000001766;5.1857268479338359e-011;
0.097600000000001769;4.6295047656519372e-011;
0.097700000000001772;4.9684058950338894e-011;
0.097800000000001774;4.4383639125067376e-011;
0.097900000000001777;4.1703841768825356e-011;
0.09800000000000178;5.5788072078621909e-011;
0.098100000000001783;5.0109836419176546e-011;
0.098200000000001786;5.3585497150621109e-011;
0.098300000000001789;4.9830532061756472e-011;
0.098400000000001792;4.0527196182305048e-011;
0.098500000000001794;4.7523221469170096e-011;
0.098600000000001797;5.3494764173933618e-011;
0.0987000000000018;5.0223391417913987e-011;
0.098800000000001803;5.82070260046752e-011;
0.098900000000001806;4.8071577968267221e-011;
0.099000000000001809;5.6020410532653386e-011;
0.099100000000001812;4.0579761773074097e-011;
0.099200000000001815;4.8007247482884097e-011;
0.099300000000001817;4.1652913757017629e-011;
0.09940000000000182;4.8081760795071204e-011;
0.099500000000001823;5.3837958396973917e-011;
0.099600000000001826;5.0522568767474851e-011;
0.099700000000001829;3.7927411211668982e-011;
0.099800000000001832;4.9314184680238071e-011;
0.099900000000001835;4.5723938524311336e-011;
0.10000000000000184;4.279214482760807e-011;
