Type;FSV-40;
Version;2.21;
Date;19.Sep 23;
Mode;ANALYZER;
Center Freq;6000000000.000000;Hz
Freq Offset;0.000000;Hz
Span;0.000000;Hz
x-Axis;LIN;
Start;6000000000.000000;Hz
Stop;6000000000.000000;Hz
Ref Level;0.000000;W
Level Offset;0.000000;dB
Ref Position;100.000000;%
y-Axis;LIN;
Level Range;100.000000;dB
Rf Att;0.000000;dB
El Att;0.000000;dB
RBW;2000000.000000;Hz
VBW;10000.000000;Hz
SWT;0.100000;s
Trace Mode;CLR/WRITE;
Detector;SAMPLE;
Sweep Count;0;
Trace 1:;;
x-Unit;s;
y-Unit;W;
Preamplifier;OFF;
Transducer;OFF;
Values;1001;
0;2.1538463720882639e-011;
0.0001;1.6124976354170428e-011;
0.00020000000000000001;1.8544832336431227e-011;
0.00030000000000000003;1.8432359805142795e-011;
0.00040000000000000002;1.7531212592736267e-011;
0.00050000000000000001;1.7495746171269921e-011;
0.00060000000000000006;1.5215086135444977e-011;
0.0007000000000000001;1.6863808960376758e-011;
0.00080000000000000015;1.8528565834396993e-011;
0.00090000000000000019;1.870172940121595e-011;
0.0010000000000000002;1.4795577957249506e-011;
0.0011000000000000003;1.7977019178827547e-011;
0.0012000000000000003;1.4644547727260537e-011;
0.0013000000000000004;1.8346303642946538e-011;
0.0014000000000000004;2.0710088158293338e-011;
0.0015000000000000005;2.1469223968062501e-011;
0.0016000000000000005;1.7278980329882287e-011;
0.0017000000000000006;1.9106240894961601e-011;
0.0018000000000000006;1.9217695143569635e-011;
0.0019000000000000006;1.8394419667999706e-011;
0.0020000000000000005;1.9271929538322574e-011;
0.0021000000000000003;1.5109942810842547e-011;
0.0022000000000000001;1.7715410735585913e-011;
0.0023;1.9179755006426547e-011;
0.0023999999999999998;1.5421995278042111e-011;
0.0024999999999999996;1.9700272663181195e-011;
0.0025999999999999994;1.4785561663899216e-011;
0.0026999999999999993;1.6942692040999852e-011;
0.0027999999999999991;1.7563178342228092e-011;
0.0028999999999999989;1.4222382820061608e-011;
0.0029999999999999988;1.6808561487113849e-011;
0.0030999999999999986;2.0077063275780738e-011;
0.0031999999999999984;1.5894808039207398e-011;
0.0032999999999999982;1.6807808617125275e-011;
0.0033999999999999981;1.6591623908102093e-011;
0.0034999999999999979;1.728553758462148e-011;
0.0035999999999999977;2.1796153423792042e-011;
0.0036999999999999976;1.6416203466040891e-011;
0.0037999999999999974;1.5200349659516554e-011;
0.0038999999999999972;1.9246011034868005e-011;
0.0039999999999999975;1.8077489158385696e-011;
0.0040999999999999977;1.7488996362224896e-011;
0.004199999999999998;1.5566693767343764e-011;
0.0042999999999999983;1.5940766068256451e-011;
0.0043999999999999985;1.7591324230625816e-011;
0.0044999999999999988;1.703962665411396e-011;
0.0045999999999999991;1.74004300551589e-011;
0.0046999999999999993;1.4829746805555821e-011;
0.0047999999999999996;1.7921221798222753e-011;
0.0048999999999999998;1.810276754887763e-011;
0.0050000000000000001;1.5617106566279126e-011;
0.0051000000000000004;1.8236783611014218e-011;
0.0052000000000000006;1.9409229431999186e-011;
0.0053000000000000009;1.5641326775450715e-011;
0.0054000000000000012;1.8189658113065832e-011;
0.0055000000000000014;1.8455520098270561e-011;
0.0056000000000000017;1.5598843397524043e-011;
0.0057000000000000019;1.4665053893470059e-011;
0.0058000000000000022;1.5908998077240888e-011;
0.0059000000000000025;2.1277056505564218e-011;
0.0060000000000000027;1.9491585429021185e-011;
0.006100000000000003;1.8170418294993773e-011;
0.0062000000000000033;1.5673117317871466e-011;
0.0063000000000000035;1.6905716410109406e-011;
0.0064000000000000038;1.7651385561534561e-011;
0.006500000000000004;1.2967025890542327e-011;
0.0066000000000000043;1.9944625812007288e-011;
0.0067000000000000046;1.7111029607108641e-011;
0.0068000000000000048;1.6925634505060572e-011;
0.0069000000000000051;1.3171404071588011e-011;
0.0070000000000000053;1.5569297587281206e-011;
0.0071000000000000056;1.3466355634761396e-011;
0.0072000000000000059;1.6057133053748451e-011;
0.0073000000000000061;1.7190034118375053e-011;
0.0074000000000000064;1.8053631506420587e-011;
0.0075000000000000067;2.0266054459594507e-011;
0.0076000000000000069;1.6646661479824409e-011;
0.0077000000000000072;1.8053631506420587e-011;
0.0078000000000000074;2.3850281125059603e-011;
0.0079000000000000077;1.8712201926840422e-011;
0.0080000000000000071;1.7765941495717641e-011;
0.0081000000000000065;1.7075840741398451e-011;
0.0082000000000000059;2.0478337775520217e-011;
0.0083000000000000053;1.6634688418393218e-011;
0.0084000000000000047;1.2951177456865803e-011;
0.0085000000000000041;1.5229397604121786e-011;
0.0086000000000000035;1.7564562651561921e-011;
0.0087000000000000029;1.5129343958197872e-011;
0.0088000000000000023;1.6854618395401033e-011;
0.0089000000000000017;1.7441008706708949e-011;
0.0090000000000000011;1.5197060623806102e-011;
0.0091000000000000004;1.5977261180744051e-011;
0.0091999999999999998;1.5853148654931815e-011;
0.0092999999999999992;1.7728691778517991e-011;
0.0093999999999999986;1.7023880569122518e-011;
0.009499999999999998;1.8942063195748204e-011;
0.0095999999999999974;1.6978952965818195e-011;
0.0096999999999999968;1.6969732910543378e-011;
0.0097999999999999962;1.3886663520479292e-011;
0.0098999999999999956;2.0119331547996389e-011;
0.009999999999999995;1.2579584943162025e-011;
0.010099999999999994;1.5385566085046598e-011;
0.010199999999999994;2.173641822089678e-011;
0.010299999999999993;1.7079631112193461e-011;
0.010399999999999993;1.7115430600567194e-011;
0.010499999999999992;1.6534738855877862e-011;
0.010599999999999991;2.0625029462095767e-011;
0.010699999999999991;1.5725448720971258e-011;
0.01079999999999999;1.9680250484821471e-011;
0.01089999999999999;1.8665098980297223e-011;
0.010999999999999989;2.0324398414262035e-011;
0.011099999999999988;1.8192787554216494e-011;
0.011199999999999988;1.7980908428860687e-011;
0.011299999999999987;1.2401177307275191e-011;
0.011399999999999987;1.5629575758624448e-011;
0.011499999999999986;1.4572756196207237e-011;
0.011599999999999985;1.7589785530902624e-011;
0.011699999999999985;1.7664028226227479e-011;
0.011799999999999984;1.6811269390459849e-011;
0.011899999999999984;1.3777100120460073e-011;
0.011999999999999983;1.4467906907233985e-011;
0.012099999999999982;1.4929090949578061e-011;
0.012199999999999982;1.7271508875871255e-011;
0.012299999999999981;1.6351014292537158e-011;
0.01239999999999998;1.9310119475646204e-011;
0.01249999999999998;1.5716721327163619e-011;
0.012599999999999979;1.6878725847546683e-011;
0.012699999999999979;1.592246300086142e-011;
0.012799999999999978;1.4160329159240703e-011;
0.012899999999999977;1.818199237002549e-011;
0.012999999999999977;1.8990317998679451e-011;
0.013099999999999976;1.6914162778713937e-011;
0.013199999999999976;1.670089067040692e-011;
0.013299999999999975;1.7595019191629646e-011;
0.013399999999999974;1.8186684797028008e-011;
0.013499999999999974;1.8995111039643575e-011;
0.013599999999999973;1.7454338321898355e-011;
0.013699999999999973;1.7206161842531209e-011;
0.013799999999999972;1.7356231035714487e-011;
0.013899999999999971;1.7516470912637416e-011;
0.013999999999999971;1.7302471955193965e-011;
0.01409999999999997;2.2175284178360677e-011;
0.01419999999999997;1.5346593787435303e-011;
0.014299999999999969;1.4005033244224308e-011;
0.014399999999999968;1.629720663975931e-011;
0.014499999999999968;1.6778042497000989e-011;
0.014599999999999967;1.9889942123874071e-011;
0.014699999999999967;1.8195916995367156e-011;
0.014799999999999966;1.5632767649820245e-011;
0.014899999999999965;2.2129183901986593e-011;
0.014999999999999965;1.9530802322642593e-011;
0.015099999999999964;2.1185100548826163e-011;
0.015199999999999964;1.971965646330176e-011;
0.015299999999999963;2.1472794028976061e-011;
0.015399999999999962;1.8494469844476669e-011;
0.015499999999999962;1.4576397380783312e-011;
0.015599999999999961;1.8032905030329616e-011;
0.015699999999999961;1.7053865264404777e-011;
0.01579999999999996;1.3218180022755988e-011;
0.015899999999999959;1.6804951527560341e-011;
0.015999999999999959;1.4712861137744504e-011;
0.016099999999999958;1.8387340261494245e-011;
0.016199999999999957;1.7794403103787992e-011;
0.016299999999999957;1.762765801383015e-011;
0.016399999999999956;1.5228110439302611e-011;
0.016499999999999956;1.7145344172186938e-011;
0.016599999999999955;1.9348989424572416e-011;
0.016699999999999954;1.5533418301627577e-011;
0.016799999999999954;1.6561451862684429e-011;
0.016899999999999953;1.5236414560582112e-011;
0.016999999999999953;1.8705694979082033e-011;
0.017099999999999952;1.9070814372135203e-011;
0.017199999999999951;1.5261054572834887e-011;
0.017299999999999951;1.6601487545786497e-011;
0.01739999999999995;1.8341748259098622e-011;
0.01749999999999995;1.6300615371389604e-011;
0.017599999999999949;1.5551787288514696e-011;
0.017699999999999948;1.7060988038997138e-011;
0.017799999999999948;1.3446439274533706e-011;
0.017899999999999947;2.0366099431901041e-011;
0.017999999999999947;1.6373421715676351e-011;
0.018099999999999946;1.5725448720971258e-011;
0.018199999999999945;1.9730408279405864e-011;
0.018299999999999945;1.6683954565110959e-011;
0.018399999999999944;1.8256059858279272e-011;
0.018499999999999944;1.7915008018731804e-011;
0.018599999999999943;1.6726389370780304e-011;
0.018699999999999942;1.4811670986936143e-011;
0.018799999999999942;1.4664351330462289e-011;
0.018899999999999941;1.7147621864110896e-011;
0.018999999999999941;1.426724623859732e-011;
0.01909999999999994;1.5398520999965193e-011;
0.019199999999999939;1.8564271647703023e-011;
0.019299999999999939;1.868507258639962e-011;
0.019399999999999938;1.6662830837343989e-011;
0.019499999999999938;1.5242286599548294e-011;
0.019599999999999937;1.6390201695859474e-011;
0.019699999999999936;1.9267904979858308e-011;
0.019799999999999936;2.0054385235779293e-011;
0.019899999999999935;1.6173775860273132e-011;
0.019999999999999934;1.6892896803621937e-011;
0.020099999999999934;1.3387848989132589e-011;
0.020199999999999933;1.8621220884695866e-011;
0.020299999999999933;1.7240722738343095e-011;
0.020399999999999932;1.9728777639338446e-011;
0.020499999999999931;1.7472124441697545e-011;
0.020599999999999931;1.4026459681237835e-011;
0.02069999999999993;1.5864544053445506e-011;
0.02079999999999993;1.7467676610705141e-011;
0.020899999999999929;1.8854506497745227e-011;
0.020999999999999928;1.8124312814449262e-011;
0.021099999999999928;1.623033478448388e-011;
0.021199999999999927;1.7225340945281609e-011;
0.021299999999999927;1.8252142852670517e-011;
0.021399999999999926;1.5958935561943832e-011;
0.021499999999999925;1.8852915756317756e-011;
0.021599999999999925;1.5373912212734986e-011;
0.021699999999999924;1.5877991629831278e-011;
0.021799999999999924;2.0668040195959136e-011;
0.021899999999999923;2.1884450848719261e-011;
0.021999999999999922;1.631498408594112e-011;
0.022099999999999922;1.9928739214414293e-011;
0.022199999999999921;1.7589785530902624e-011;
0.022299999999999921;1.4100202776201609e-011;
0.02239999999999992;1.7348131611805151e-011;
0.022499999999999919;1.8156658468382325e-011;
0.022599999999999919;1.5728068153419983e-011;
0.022699999999999918;1.9767416870042354e-011;
0.022799999999999918;1.2509028535223621e-011;
0.022899999999999917;1.899191394427735e-011;
0.022999999999999916;1.9532424289092631e-011;
0.023099999999999916;1.540831004454013e-011;
0.023199999999999915;1.9272734450015427e-011;
0.023299999999999915;1.8084353459180136e-011;
0.023399999999999914;2.0790806576354015e-011;
0.023499999999999913;1.5082291318635477e-011;
0.023599999999999913;1.6448325340645553e-011;
0.023699999999999912;1.3370806198342855e-011;
0.023799999999999912;1.5693312968578788e-011;
0.023899999999999911;1.8712992960745467e-011;
0.02399999999999991;1.6152830809024188e-011;
0.02409999999999991;1.6817738174301766e-011;
0.024199999999999909;2.1253540594123876e-011;
0.024299999999999908;1.4601759038002093e-011;
0.024399999999999908;1.7080238265410053e-011;
0.024499999999999907;1.9435258957756218e-011;
0.024599999999999907;2.1357008175848513e-011;
0.024699999999999906;2.1611738440507899e-011;
0.024799999999999905;2.1740012567939004e-011;
0.024899999999999905;1.6071250233395951e-011;
0.024999999999999904;1.7889086045830283e-011;
0.025099999999999904;1.9291422626022126e-011;
0.025199999999999903;1.6290396115392625e-011;
0.025299999999999902;1.8511515237351617e-011;
0.025399999999999902;1.4493735205067804e-011;
0.025499999999999901;2.1024989041440456e-011;
0.025599999999999901;1.7532747823012507e-011;
0.0256999999999999;1.4951071630742163e-011;
0.025799999999999899;1.7143977210087868e-011;
0.025899999999999899;1.4819860616466229e-011;
0.025999999999999898;1.6470056221629115e-011;
0.026099999999999898;1.9115861671359369e-011;
0.026199999999999897;1.7283403874746028e-011;
0.026299999999999896;1.7087668086057661e-011;
0.026399999999999896;1.7819018829912103e-011;
0.026499999999999895;1.8394419667999706e-011;
0.026599999999999895;1.6767375682347208e-011;
0.026699999999999894;1.8628343659288227e-011;
0.026799999999999893;1.4187814985355818e-011;
0.026899999999999893;1.8591626502195702e-011;
0.026999999999999892;1.3719013772228728e-011;
0.027099999999999892;1.8375072297072137e-011;
0.027199999999999891;1.742476996025033e-011;
0.02729999999999989;1.3584277799849609e-011;
0.02739999999999989;1.7492830101106804e-011;
0.027499999999999889;1.8037580110097373e-011;
0.027599999999999889;1.6902848912203616e-011;
0.027699999999999888;1.6748300663005367e-011;
0.027799999999999887;2.0242280074356245e-011;
0.027899999999999887;1.8337035015414394e-011;
0.027999999999999886;1.8908230883796229e-011;
0.028099999999999885;1.5763734068086066e-011;
0.028199999999999885;1.79311617637401e-011;
0.028299999999999884;1.9410036078415516e-011;
0.028399999999999884;1.9972488940478428e-011;
0.028499999999999883;2.0598047573150424e-011;
0.028599999999999882;1.8858491157569546e-011;
0.028699999999999882;1.9550751642616326e-011;
0.028799999999999881;1.7149750369815919e-011;
0.028899999999999881;1.4258932576338701e-011;
0.02899999999999988;1.9180561652842876e-011;
0.029099999999999879;2.0362621311331708e-011;
0.029199999999999879;1.8725694606036569e-011;
0.029299999999999878;1.9545719209812518e-011;
0.029399999999999878;1.5693312968578788e-011;
0.029499999999999877;1.6841819605595276e-011;
0.029599999999999876;1.6591623908102093e-011;
0.029699999999999876;1.6950545134175599e-011;
0.029799999999999875;1.7231889526403421e-011;
0.029899999999999875;1.5981953607746568e-011;
0.029999999999999874;1.7524608500463223e-011;
0.030099999999999873;1.4448796326060886e-011;
0.030199999999999873;1.4929800451479736e-011;
0.030299999999999872;2.0880399839717789e-011;
0.030399999999999872;2.048796896025884e-011;
0.030499999999999871;1.6447730330493293e-011;
0.03059999999999987;1.835872079358758e-011;
0.03069999999999987;1.7109511724067161e-011;
0.030799999999999869;1.88433591646886e-011;
0.030899999999999869;1.8625968822849615e-011;
0.030999999999999868;1.9684483210102854e-011;
0.031099999999999867;1.8376487831428534e-011;
0.031199999999999867;1.5376500420161143e-011;
0.03129999999999987;1.722671137682763e-011;
0.031399999999999872;1.8703318407919944e-011;
0.031499999999999875;1.6729237786727857e-011;
0.031599999999999878;1.6203149932891847e-011;
0.031699999999999881;1.5987379822779424e-011;
0.031799999999999884;1.7901345336635011e-011;
0.031899999999999887;1.5432370659151928e-011;
0.03199999999999989;1.6940579147806112e-011;
0.032099999999999893;1.7928832030111863e-011;
0.032199999999999895;2.1102777511550208e-011;
0.032299999999999898;2.2774436850281354e-011;
0.032399999999999901;1.8583086458523468e-011;
0.032499999999999904;1.9619262811576554e-011;
0.032599999999999907;1.4536226389250118e-011;
0.03269999999999991;1.4416182657350785e-011;
0.032799999999999913;1.5657145718828147e-011;
0.032899999999999915;1.6592369839196763e-011;
0.032999999999999918;1.6329214022614558e-011;
0.033099999999999921;2.0123609376088147e-011;
0.033199999999999924;1.6163598237639576e-011;
0.033299999999999927;1.7893585918526966e-011;
0.03339999999999993;1.6897871990551039e-011;
0.033499999999999933;1.5127347291477022e-011;
0.033599999999999935;1.5819423895835349e-011;
0.033699999999999938;1.7658785891883078e-011;
0.033799999999999941;2.043917639305004e-011;
0.033899999999999944;1.9211257584750285e-011;
0.033999999999999947;1.6383963630239862e-011;
0.03409999999999995;1.5685900495165939e-011;
0.034199999999999953;1.7496514653769779e-011;
0.034299999999999956;1.4929090949578061e-011;
0.034399999999999958;1.7108146496691568e-011;
0.034499999999999961;1.8063609635854405e-011;
0.034599999999999964;1.8905836965399381e-011;
0.034699999999999967;1.6137795960657897e-011;
0.03479999999999997;1.7043109978853721e-011;
0.034899999999999973;1.7532747823012507e-011;
0.034999999999999976;1.8854506497745227e-011;
0.035099999999999978;1.391566115810372e-011;
0.035199999999999981;1.4276255524969805e-011;
0.035299999999999984;1.6829024285236471e-011;
0.035399999999999987;2.0929714558692858e-011;
0.03549999999999999;1.8889886183037774e-011;
0.035599999999999993;1.3411214846992259e-011;
0.035699999999999996;1.8749671953921521e-011;
0.035799999999999998;1.702751481480469e-011;
0.035900000000000001;1.9963145719836817e-011;
0.036000000000000004;1.686516204468802e-011;
0.036100000000000007;1.7253217951540556e-011;
0.03620000000000001;1.5967144273432154e-011;
0.036300000000000013;2.3888639330560402e-011;
0.036400000000000016;1.8214390065662833e-011;
0.036500000000000019;2.1201145006255473e-011;
0.036600000000000021;1.517375634862983e-011;
0.036700000000000024;2.5663325631253286e-011;
0.036800000000000027;1.3635844189896495e-011;
0.03690000000000003;1.4679245666227025e-011;
0.037000000000000033;1.5269511349780274e-011;
0.037100000000000036;1.6113341563817052e-011;
0.037200000000000039;2.0288852195515794e-011;
0.037300000000000041;1.7315752998126044e-011;
0.037400000000000044;1.9327209971331527e-011;
0.037500000000000047;1.5483140811123342e-011;
0.03760000000000005;1.9030466438807458e-011;
0.037700000000000053;1.5268796643708171e-011;
0.037800000000000056;1.6594463650432267e-011;
0.037900000000000059;1.6054340148952129e-011;
0.038000000000000062;1.9198398079622869e-011;
0.038100000000000064;1.7265714899461493e-011;
0.038200000000000067;1.5601450686908436e-011;
0.03830000000000007;1.2921619503558635e-011;
0.038400000000000073;1.8313949315396094e-011;
0.038500000000000076;2.2520586090424288e-011;
0.038600000000000079;1.7736881408048077e-011;
0.038700000000000082;1.9648524127169331e-011;
0.038800000000000084;1.8236783611014218e-011;
0.038900000000000087;2.2292053619699104e-011;
0.03900000000000009;1.8905040727323907e-011;
0.039100000000000093;1.7094188911603858e-011;
0.039200000000000096;1.9712811244465556e-011;
0.039300000000000099;1.9410847929002273e-011;
0.039400000000000102;1.8286797423550105e-011;
0.039500000000000104;1.4499321882022187e-011;
0.039600000000000107;2.0172684703223531e-011;
0.03970000000000011;1.9198398079622869e-011;
0.039800000000000113;2.0217695573254701e-011;
0.039900000000000116;1.8026051137876031e-011;
0.040000000000000119;1.6598647803456323e-011;
0.040100000000000122;1.7095705059921862e-011;
0.040200000000000125;1.8126656425865306e-011;
0.040300000000000127;1.8126656425865306e-011;
0.04040000000000013;2.1017921777999327e-011;
0.040500000000000133;1.9553345054212912e-011;
0.040600000000000136;1.4245774698773417e-011;
0.040700000000000139;1.7378246411348108e-011;
0.040800000000000142;1.2658168783985513e-011;
0.040900000000000145;1.8942861168547154e-011;
0.041000000000000147;1.5036022774084223e-011;
0.04110000000000015;1.8016083416783069e-011;
0.041200000000000153;1.6033325708764146e-011;
0.041300000000000156;1.6950545134175599e-011;
0.041400000000000159;1.5687937060526735e-011;
0.041500000000000162;1.8011411806462263e-011;
0.041600000000000165;2.1380749601340732e-011;
0.041700000000000167;1.6247335074548452e-011;
0.04180000000000017;1.3363562860468914e-011;
0.041900000000000173;1.5066907790850514e-011;
0.042000000000000176;2.0225283253738624e-011;
0.042100000000000179;1.980250338706746e-011;
0.042200000000000182;1.0651229030711473e-011;
0.042300000000000185;1.493533074992115e-011;
0.042400000000000188;1.7267239721396876e-011;
0.04250000000000019;2.1208073491818524e-011;
0.042600000000000193;1.7742134150733335e-011;
0.042700000000000196;1.6575489245052033e-011;
0.042800000000000199;1.9818504476409871e-011;
0.042900000000000202;1.7303236968246871e-011;
0.043000000000000205;2.0354841076541952e-011;
0.043100000000000208;1.7580863848065675e-011;
0.04320000000000021;1.7026000401210162e-011;
0.043300000000000213;1.7022518811193876e-011;
0.043400000000000216;1.7919665751264802e-011;
0.043500000000000219;1.7231127982797467e-011;
0.043600000000000222;1.757501956467511e-011;
0.043700000000000225;1.633336521589257e-011;
0.043800000000000228;1.7163730506308816e-011;
0.043900000000000231;2.1202666358743905e-011;
0.044000000000000233;1.4979172416329511e-011;
0.044100000000000236;1.6548764095181134e-011;
0.044200000000000239;2.2290145423875529e-011;
0.044300000000000242;1.8224409828460075e-011;
0.044400000000000245;1.8569012646962868e-011;
0.044500000000000248;1.5873314815340045e-011;
0.044600000000000251;2.1103618852436057e-011;
0.044700000000000253;1.8869803289356391e-011;
0.044800000000000256;1.623107204196117e-011;
0.044900000000000259;1.7441773719761855e-011;
0.045000000000000262;1.6710789002560844e-011;
0.045100000000000265;2.0283897825268404e-011;
0.045200000000000268;1.7491296605554041e-011;
0.045300000000000271;1.8796885922767181e-011;
0.045400000000000273;1.553009283672413e-011;
0.045500000000000276;1.9411654575418602e-011;
0.045600000000000279;1.7306898969504658e-011;
0.045700000000000282;1.9755674526833467e-011;
0.045800000000000285;2.1710770334304463e-011;
0.045900000000000288;1.4472093662343255e-011;
0.046000000000000291;1.7261294824044704e-011;
0.046100000000000294;1.7455106804398213e-011;
0.046200000000000296;1.8197481715942487e-011;
0.046300000000000299;1.4440151331618356e-011;
0.046400000000000302;1.5697963762217881e-011;
0.046500000000000305;2.2505441954479011e-011;
0.046600000000000308;1.642735426854447e-011;
0.046700000000000311;1.5202922254431428e-011;
0.046800000000000314;1.824900647262595e-011;
0.046900000000000316;1.5299921052314147e-011;
0.047000000000000319;1.7512017877474584e-011;
0.047100000000000322;2.2664098028868374e-011;
0.047200000000000325;1.9392102507120867e-011;
0.047300000000000328;1.5783839513172637e-011;
0.047400000000000331;1.6695943239053435e-011;
0.047500000000000334;1.8371141413675574e-011;
0.047600000000000336;1.9068415249567927e-011;
0.047700000000000339;1.8784003866234578e-011;
0.047800000000000342;1.5600727307218953e-011;
0.047900000000000345;1.7875279381684983e-011;
0.048000000000000348;1.5362119562545296e-011;
0.048100000000000351;1.6662083171525843e-011;
0.048200000000000354;1.7049623865506014e-011;
0.048300000000000357;1.8075927907257316e-011;
0.048400000000000359;1.5638134884254917e-011;
0.048500000000000362;1.5470151201735227e-011;
0.048600000000000365;1.9151487687385504e-011;
0.048700000000000368;1.7287062406556863e-011;
0.048800000000000371;2.0983456291978619e-011;
0.048900000000000374;1.7277455507946904e-011;
0.049000000000000377;1.9009505775047231e-011;
0.049100000000000379;1.5363413666258374e-011;
0.049200000000000382;1.7525991075073577e-011;
0.049300000000000385;1.8663515177763657e-011;
0.049400000000000388;1.8652262026574995e-011;
0.049500000000000391;1.8748879185292999e-011;
0.049600000000000394;1.8033683921170329e-011;
0.049700000000000397;1.7871556665105537e-011;
0.0498000000000004;1.459629292432929e-011;
0.049900000000000402;1.9227501535379332e-011;
0.050000000000000405;1.9029663261838081e-011;
0.050100000000000408;1.8776846397172697e-011;
0.050200000000000411;1.9381600491197304e-011;
0.050300000000000414;2.0088904498227755e-011;
0.050400000000000417;1.8893876047032521e-011;
0.05050000000000042;1.639168661915491e-011;
0.050600000000000422;1.795105210311565e-011;
0.050700000000000425;1.6189417861856015e-011;
0.050800000000000428;2.0499263744810925e-011;
0.050900000000000431;1.8255277497991607e-011;
0.051000000000000434;1.8986161601231011e-011;
0.051100000000000437;1.540499845742449e-011;
0.05120000000000044;1.4096620572223717e-011;
0.051300000000000442;1.8161975395836194e-011;
0.051400000000000445;1.6393024090954889e-011;
0.051500000000000448;1.7820413547586789e-011;
0.051600000000000451;1.8261390663520949e-011;
0.051700000000000454;1.7323843748418e-011;
0.051800000000000457;1.9166742845633244e-011;
0.05190000000000046;1.417759052518841e-011;
0.052000000000000463;1.6984700104694106e-011;
0.052100000000000465;1.6446987868845575e-011;
0.052200000000000468;1.7228234464039538e-011;
0.052300000000000471;1.9497415834623943e-011;
0.052400000000000474;1.4476420930054079e-011;
0.052500000000000477;1.7422627576757499e-011;
0.05260000000000048;1.9294644007517014e-011;
0.052700000000000483;1.7231127982797467e-011;
0.052800000000000485;1.8614889144008551e-011;
0.052900000000000488;1.9767416870042354e-011;
0.053000000000000491;2.1382619633247835e-011;
0.053100000000000494;1.8167446713679425e-011;
0.053200000000000497;1.9225895181440578e-011;
0.0533000000000005;1.7014650105506846e-011;
0.053400000000000503;1.7563178342228092e-011;
0.053500000000000505;1.7148990560933441e-011;
0.053600000000000508;1.7569020890895182e-011;
0.053700000000000511;1.5215086135444977e-011;
0.053800000000000514;1.6312170364463086e-011;
0.053900000000000517;2.0237988368476678e-011;
0.05400000000000052;2.0911255366184989e-011;
0.054100000000000523;1.5334955527634975e-011;
0.054200000000000526;1.9240376653018032e-011;
0.054300000000000528;1.8341748259098622e-011;
0.054400000000000531;1.3292710682177855e-011;
0.054500000000000534;2.1511062028856109e-011;
0.054600000000000537;1.8684281552494575e-011;
0.05470000000000054;2.0518538257352503e-011;
0.054800000000000543;1.7727302265013734e-011;
0.054900000000000546;1.6885055853510522e-011;
0.055000000000000548;1.6131018396037256e-011;
0.055100000000000551;1.7563178342228092e-011;
0.055200000000000554;1.6474373948360821e-011;
0.055300000000000557;2.0975556361269021e-011;
0.05540000000000056;1.8731252660053599e-011;
0.055500000000000563;2.0611037182538539e-011;
0.055600000000000566;1.9452569763322991e-011;
0.055700000000000569;1.5048257778760288e-011;
0.055800000000000571;1.4975480924772633e-011;
0.055900000000000574;1.4715954149702171e-011;
0.056000000000000577;1.5401110942114826e-011;
0.05610000000000058;1.5298628683324544e-011;
0.056200000000000583;2.0555109697673046e-011;
0.056300000000000586;1.3920449862259154e-011;
0.056400000000000589;1.6954776124733506e-011;
0.056500000000000591;1.5147329571196799e-011;
0.056600000000000594;2.1567756261497983e-011;
0.056700000000000597;1.6729237786727857e-011;
0.0568000000000006;2.28003570884594e-011;
0.056900000000000603;1.6481375292309863e-011;
0.057000000000000606;1.9559997718743283e-011;
0.057100000000000609;1.7743678054626955e-011;
0.057200000000000611;1.8218928102275989e-011;
0.057300000000000614;1.5752229381993388e-011;
0.057400000000000617;1.8985358424261634e-011;
0.05750000000000062;1.9922841154595972e-011;
0.057600000000000623;1.3241930989227324e-011;
0.057700000000000626;1.662825432902082e-011;
0.057800000000000629;2.08143988156273e-011;
0.057900000000000632;1.7670658339352663e-011;
0.058000000000000634;1.6655794798925427e-011;
0.058100000000000637;1.7824904746666093e-011;
0.05820000000000064;1.5802649119822654e-011;
0.058300000000000643;1.4684167076728372e-011;
0.058400000000000646;1.8279112598551528e-011;
0.058500000000000649;1.5459043767318548e-011;
0.058600000000000652;1.6077427583693904e-011;
0.058700000000000654;1.643077340851562e-011;
0.058800000000000657;1.8372714807868284e-011;
0.05890000000000066;1.7086151937739658e-011;
0.059000000000000663;1.8685868824475094e-011;
0.059100000000000666;1.8068286450345639e-011;
0.059200000000000669;1.7446984829083689e-011;
0.059300000000000672;2.0735475836364259e-011;
0.059400000000000674;1.8170418294993773e-011;
0.059500000000000677;2.0000369416184327e-011;
0.05960000000000068;1.5536022121565018e-011;
0.059700000000000683;1.6232994115572552e-011;
0.059800000000000686;1.3491407643839715e-011;
0.059900000000000689;1.8158067063844818e-011;
0.060000000000000692;1.8142749455551943e-011;
0.060100000000000695;1.7053108924969251e-011;
0.060200000000000697;1.9650964883100031e-011;
0.0603000000000007;1.8482798624930297e-011;
0.060400000000000703;1.608684192799803e-011;
0.060500000000000706;1.7176196229207186e-011;
0.060600000000000709;1.6814126480024782e-011;
0.060700000000000712;2.0315797655268142e-011;
0.060800000000000715;2.1294323943044091e-011;
0.060900000000000717;1.853551340191828e-011;
0.06100000000000072;1.6166398081329802e-011;
0.061100000000000723;1.8726487374665091e-011;
0.061200000000000726;1.7354702744332151e-011;
0.061300000000000729;1.9617476046396298e-011;
0.061400000000000732;1.9911870763333894e-011;
0.061500000000000735;1.7355467757385057e-011;
0.061600000000000737;1.4867917660921215e-011;
0.06170000000000074;1.5758346016969682e-011;
0.061800000000000743;1.7930384607622862e-011;
0.061900000000000746;1.8670646625973397e-011;
0.062000000000000749;1.7989309694654843e-011;
0.062100000000000752;1.8720138286743015e-011;
0.062200000000000755;1.4189611291515192e-011;
0.062300000000000758;1.8627552625383181e-011;
0.06240000000000076;1.4897780925560156e-011;
0.062500000000000763;2.0114397994430711e-011;
0.062600000000000766;1.5187335763999776e-011;
0.062700000000000769;2.3552724007225301e-011;
0.062800000000000772;1.5687208476666825e-011;
0.062900000000000775;1.5765626651398357e-011;
0.063000000000000778;1.6136468897198775e-011;
0.06310000000000078;1.853551340191828e-011;
0.063200000000000783;1.9952327984240625e-011;
0.063300000000000786;1.832619646313649e-011;
0.063400000000000789;1.6449815468111417e-011;
0.063500000000000792;1.4887162683163702e-011;
0.063600000000000795;1.5799294164620115e-011;
0.063700000000000798;1.9733832623547443e-011;
0.063800000000000801;1.4446287048552886e-011;
0.063900000000000803;1.728553758462148e-011;
0.064000000000000806;2.0071147868727657e-011;
0.064100000000000809;1.7659557843829887e-011;
0.064200000000000812;1.7666340612620957e-011;
0.064300000000000815;1.5034740813435477e-011;
0.064400000000000818;1.6892142198909887e-011;
0.064500000000000821;1.6878725847546683e-011;
0.064600000000000823;1.671438681905002e-011;
0.064700000000000826;2.026341421046407e-011;
0.064800000000000829;2.0301742925665778e-011;
0.064900000000000832;1.6927745663530835e-011;
0.065000000000000835;1.8290719633329289e-011;
0.065100000000000838;1.5697236913081447e-011;
0.065200000000000841;1.5570022701694164e-011;
0.065300000000000843;1.8306883786678441e-011;
0.065400000000000846;1.7378246411348108e-011;
0.065500000000000849;1.6291728383022175e-011;
0.065600000000000852;1.9247617388806759e-011;
0.065700000000000855;1.4822261473756981e-011;
0.065800000000000858;1.7146103981069416e-011;
0.065900000000000861;1.6278109069012281e-011;
0.066000000000000864;1.9193415953799864e-011;
0.066100000000000866;2.0318280044562265e-011;
0.066200000000000869;1.8250576397371709e-011;
0.066300000000000872;2.4099252107778746e-011;
0.066400000000000875;1.8022937309236653e-011;
0.066500000000000878;1.6848142672665212e-011;
0.066600000000000881;1.8266721468762626e-011;
0.066700000000000884;1.6511474479341537e-011;
0.066800000000000886;2.0449626367269325e-011;
0.066900000000000889;1.3706380648514926e-011;
0.067000000000000892;1.722747465515706e-011;
0.067100000000000895;1.9187790245567271e-011;
0.067200000000000898;2.160167877907071e-011;
0.067300000000000901;1.6400006352945695e-011;
0.067400000000000904;2.0515875456816879e-011;
0.067500000000000906;1.8286169453651802e-011;
0.067600000000000909;1.6066543928605626e-011;
0.067700000000000912;2.1285183685049169e-011;
0.067800000000000915;1.3165280497717813e-011;
0.067900000000000918;2.0774083842045599e-011;
0.068000000000000921;1.6540257011254944e-011;
0.068100000000000924;1.6226932991747489e-011;
0.068200000000000927;2.0086437721444916e-011;
0.068300000000000929;2.0621530524844722e-011;
0.068400000000000932;1.7883035330346075e-011;
0.068500000000000935;1.5863230867774192e-011;
0.068600000000000938;1.8820908373462508e-011;
0.068700000000000941;1.679638025886554e-011;
0.068800000000000944;2.0176967735485718e-011;
0.068900000000000947;1.771680024909017e-011;
0.069000000000000949;2.418613746779652e-011;
0.069100000000000952;1.6555777582194509e-011;
0.069200000000000955;1.9810177803725182e-011;
0.069300000000000958;1.8935516349349868e-011;
0.069400000000000961;1.6710789002560844e-011;
0.069500000000000964;1.8625179523668045e-011;
0.069600000000000967;2.0316623383642707e-011;
0.06970000000000097;1.5800607350291429e-011;
0.069800000000000972;1.3402617557445318e-011;
0.069900000000000975;1.946163369348497e-011;
0.070000000000000978;1.4621673663506307e-011;
0.070100000000000981;1.903526468394201e-011;
0.070200000000000984;1.4909677659158405e-011;
0.070300000000000987;1.8205150928429781e-011;
0.07040000000000099;1.8516880737062813e-011;
0.070500000000000992;1.7142457592322913e-011;
0.070600000000000995;1.6511474479341537e-011;
0.070700000000000998;1.8667477286182788e-011;
0.070800000000001001;2.0292323377191224e-011;
0.070900000000001004;1.7699664650594471e-011;
0.071000000000001007;2.2414854694563502e-011;
0.07110000000000101;1.9783244487037166e-011;
0.071200000000001012;1.5493680990963377e-011;
0.071300000000001015;1.7480251621182497e-011;
0.071400000000001018;1.8131187523584558e-011;
0.071500000000001021;1.4707795745194652e-011;
0.071600000000001024;2.1329722710294874e-011;
0.071700000000001027;1.7353325373892226e-011;
0.07180000000000103;1.7910504676588168e-011;
0.071900000000001033;1.5649162521391702e-011;
0.072000000000001035;1.4285820790216341e-011;
0.072100000000001038;1.8025272247035318e-011;
0.072200000000001041;1.6891538515140248e-011;
0.072300000000001044;2.1802493838096737e-011;
0.072400000000001047;1.4060280717487217e-011;
0.07250000000000105;1.6593715984614121e-011;
0.072600000000001053;1.5433668232311959e-011;
0.072700000000001055;1.7208443003902119e-011;
0.072800000000001058;1.5318005544551205e-011;
0.072900000000001061;1.6899381199975139e-011;
0.073000000000001064;1.5034740813435477e-011;
0.073100000000001067;1.6831130239536307e-011;
0.07320000000000107;1.7318653455777877e-011;
0.073300000000001073;1.8000047632971139e-011;
0.073400000000001075;1.9623329003404244e-011;
0.073500000000001078;1.624334347583023e-011;
0.073600000000001081;2.0526346247717875e-011;
0.073700000000001084;1.8161193035548528e-011;
0.073800000000001087;1.7550573841451644e-011;
0.07390000000000109;1.7224581136399131e-011;
0.074000000000001093;1.6996796331492092e-011;
0.074100000000001096;1.4048451638104531e-011;
0.074200000000001098;2.0472363387868953e-011;
0.074300000000001101;1.6495377980207948e-011;
0.074400000000001104;1.5820737081506664e-011;
0.074500000000001107;2.0500261210809612e-011;
0.07460000000000111;1.76328968787276e-011;
0.074700000000001113;1.9549938057306093e-011;
0.074800000000001116;1.891636673689856e-011;
0.074900000000001118;1.8920354866169831e-011;
0.075000000000001121;1.5615800319501716e-011;
0.075100000000001124;1.4878530699147241e-011;
0.075200000000001127;1.6053752077693773e-011;
0.07530000000000113;1.8799267698099698e-011;
0.075400000000001133;1.4912794957244735e-011;
0.075500000000001136;1.6564886615166863e-011;
0.075600000000001139;1.8866616602331021e-011;
0.075700000000001141;1.7643990435356471e-011;
0.075800000000001144;1.8097461029764617e-011;
0.075900000000001147;1.8917959213049507e-011;
0.07600000000000115;1.5636828637477507e-011;
0.076100000000001153;1.633336521589257e-011;
0.076200000000001156;1.5231258962411509e-011;
0.076300000000001159;1.7086908277175183e-011;
0.076400000000001161;1.8946856236712328e-011;
0.076500000000001164;1.8910621332746125e-011;
0.076600000000001167;2.0529007313530023e-011;
0.07670000000000117;1.388844074468043e-011;
0.076800000000001173;1.9933648481851307e-011;
0.076900000000001176;1.8297623832763676e-011;
0.077000000000001179;1.6938464519888896e-011;
0.077100000000001181;1.8956437114470148e-011;
0.077200000000001184;1.628358559102594e-011;
0.077300000000001187;1.8485792757649833e-011;
0.07740000000000119;1.5853148654931815e-011;
0.077500000000001193;1.7830324022805044e-011;
0.077600000000001196;1.7323843748418e-011;
0.077700000000001199;1.6252806392391683e-011;
0.077800000000001202;1.8307667881689582e-011;
0.077900000000001204;1.6995436308286926e-011;
0.078000000000001207;2.0249872959010595e-011;
0.07810000000000121;1.9287396332834383e-011;
0.078200000000001213;1.9706132559083045e-011;
0.078300000000001216;1.756686983378497e-011;
0.078400000000001219;1.5722102439386099e-011;
0.078500000000001222;1.8440866889068985e-011;
0.078600000000001224;1.582219598394996e-011;
0.078700000000001227;2.164193824150118e-011;
0.07880000000000123;1.8295425938119614e-011;
0.078900000000001233;1.5349900170380515e-011;
0.079000000000001236;1.9028065581516707e-011;
0.079100000000001239;1.6655043663660329e-011;
0.079200000000001242;1.6295133645205517e-011;
0.079300000000001244;1.5993395843794111e-011;
0.079400000000001247;1.2950121877630671e-011;
0.07950000000000125;1.6417542672564345e-011;
0.079600000000001253;1.7106628613650088e-011;
0.079700000000001256;1.632862248190925e-011;
0.079800000000001259;1.7453573308845449e-011;
0.079900000000001262;1.5222241869783382e-011;
0.080000000000001265;1.6231663582666478e-011;
0.080100000000001267;1.8471914969842018e-011;
0.08020000000000127;2.2682265787832279e-011;
0.080300000000001273;1.8804836160457583e-011;
0.080400000000001276;1.8138842858284043e-011;
0.080500000000001279;1.9509085319446839e-011;
0.080600000000001282;1.7053865264404777e-011;
0.080700000000001285;2.0302573858210771e-011;
0.080800000000001287;2.0511555995361697e-011;
0.08090000000000129;1.452335907786706e-011;
0.081000000000001293;1.7743678054626955e-011;
0.081100000000001296;1.486409953455059e-011;
0.081200000000001299;1.8127438786152972e-011;
0.081300000000001302;1.9656817840107976e-011;
0.081400000000001305;1.6496717186731402e-011;
0.081500000000001308;1.6836098487571505e-011;
0.08160000000000131;1.946163369348497e-011;
0.081700000000001313;1.8479641428204019e-011;
0.081800000000001316;1.5510003004148842e-011;
0.081900000000001319;1.7766713447664451e-011;
0.082000000000001322;1.8004561383455631e-011;
0.082100000000001325;1.7447749842136595e-011;
0.082200000000001328;2.0157528424213922e-011;
0.08230000000000133;1.743809784071626e-011;
0.082400000000001333;1.6858835508171133e-011;
0.082500000000001336;1.8888293706886827e-011;
0.082600000000001339;1.6712287803644088e-011;
0.082700000000001342;1.5177758355688908e-011;
0.082800000000001345;1.6892142198909887e-011;
0.082900000000001348;1.870410944182499e-011;
0.08300000000000135;2.1051573678709801e-011;
0.083100000000001353;1.7827227541400426e-011;
0.083200000000001356;1.5388156027196231e-011;
0.083300000000001359;1.8748879185292999e-011;
0.083400000000001362;1.6001611494176338e-011;
0.083500000000001365;1.9654382288347705e-011;
0.083600000000001368;1.99859365168642e-011;
0.083700000000001371;1.6618383752442512e-011;
0.083800000000001373;1.6722939005786586e-011;
0.083900000000001376;1.8531723031123271e-011;
0.084000000000001379;2.0486310564615806e-011;
0.084100000000001382;1.3728121070477606e-011;
0.084200000000001385;1.6685453366194203e-011;
0.084300000000001388;1.7386354508874824e-011;
0.084400000000001391;1.5716721327163619e-011;
0.084500000000001393;1.9280143453981324e-011;
0.084600000000001396;1.6780897851842447e-011;
0.084700000000001399;1.6824810641913324e-011;
0.084800000000001402;1.5834895894517587e-011;
0.084900000000001405;1.4783726326461633e-011;
0.085000000000001408;2.2344393696416276e-011;
0.085100000000001411;1.5237131001377691e-011;
0.085200000000001413;1.6350421017108374e-011;
0.085300000000001416;1.7198097113091393e-011;
0.085400000000001419;1.610391681117207e-011;
0.085500000000001422;1.8833646447946606e-011;
0.085600000000001425;1.9759754596448964e-011;
0.085700000000001428;1.7261294824044704e-011;
0.085800000000001431;1.4951071630742163e-011;
0.085900000000001434;1.7287823950162817e-011;
0.086000000000001436;1.7908952099077169e-011;
0.086100000000001439;1.8854506497745227e-011;
0.086200000000001442;2.1901962882209247e-011;
0.086300000000001445;1.9177343740794939e-011;
0.086400000000001448;1.7429977600125213e-011;
0.086500000000001451;2.1149651474594577e-011;
0.086600000000001454;1.3611740207197798e-011;
0.086700000000001456;1.5598118283111084e-011;
0.086800000000001459;2.1394325547263726e-011;
0.086900000000001462;1.3780640691074542e-011;
0.087000000000001465;1.6555777582194509e-011;
0.087100000000001468;1.5870537523055006e-011;
0.087200000000001471;1.5758346016969682e-011;
0.087300000000001474;1.3994462706723443e-011;
0.087400000000001477;1.7529063270349532e-011;
0.087500000000001479;1.7807096075461715e-011;
0.087600000000001482;2.0176145476558105e-011;
0.087700000000001485;1.5169325864872185e-011;
0.087800000000001488;2.2208467703732637e-011;
0.087900000000001491;1.9823566399512771e-011;
0.088000000000001494;1.4391539175651058e-011;
0.088100000000001497;1.4570233908273167e-011;
0.088200000000001499;1.8161975395836194e-011;
0.088300000000001502;1.9941348919361168e-011;
0.088400000000001505;1.6090963630976951e-011;
0.088500000000001508;1.6786459375306428e-011;
0.088600000000001511;1.637134351695213e-011;
0.088700000000001514;1.7436566079886973e-011;
0.088800000000001517;1.9166742845633244e-011;
0.088900000000001519;1.6539660266379208e-011;
0.089000000000001522;1.7804775015450858e-011;
0.089100000000001525;1.9056240960213522e-011;
0.089200000000001528;1.4905994841218906e-011;
0.089300000000001531;1.7013892031347844e-011;
0.089400000000001534;1.964006908494742e-011;
0.089500000000001537;1.6340187883323587e-011;
0.08960000000000154;1.7783882005906193e-011;
0.089700000000001542;1.4424819845537673e-011;
0.089800000000001545;1.60190818943029e-011;
0.089900000000001548;1.3659831946122303e-011;
0.090000000000001551;1.8625179523668045e-011;
0.090100000000001554;1.8066726933940735e-011;
0.090200000000001557;2.0559602631475826e-011;
0.09030000000000156;1.8224409828460075e-011;
0.090400000000001562;2.0951709117644768e-011;
0.090500000000001565;1.6536081531848268e-011;
0.090600000000001568;1.5712067064077573e-011;
0.090700000000001571;2.1368028874091394e-011;
0.090800000000001574;1.8676196006373047e-011;
0.090900000000001577;1.5906363032280879e-011;
0.09100000000000158;2.146820221593515e-011;
0.091100000000001582;1.4784290111591325e-011;
0.091200000000001585;1.8993515094045677e-011;
0.091300000000001588;1.4255330423040835e-011;
0.091400000000001591;1.9808377160757118e-011;
0.091500000000001594;1.4790498686911846e-011;
0.091600000000001597;1.7693799550522193e-011;
0.0917000000000016;1.5015544363450317e-011;
0.091800000000001603;1.6405651143136524e-011;
0.091900000000001605;1.7496514653769779e-011;
0.092000000000001608;1.6745450512334337e-011;
0.092100000000001611;1.7805546967397667e-011;
0.092200000000001614;1.6289655388468383e-011;
0.092300000000001617;1.5018103080577383e-011;
0.09240000000000162;1.7197488225151325e-011;
0.092500000000001623;1.1847319132674006e-011;
0.092600000000001625;1.8832052237072183e-011;
0.092700000000001628;1.7693799550522193e-011;
0.092800000000001631;1.6139123024117019e-011;
0.092900000000001634;1.6673466426975203e-011;
0.093000000000001637;1.7332701246486337e-011;
0.09310000000000164;2.4350785277071907e-011;
0.093200000000001643;1.9258240835373641e-011;
0.093300000000001646;1.6976081998465453e-011;
0.093400000000001648;1.6669872079932979e-011;
0.093500000000001651;1.7121200290848293e-011;
0.093600000000001654;1.7751097466933707e-011;
0.093700000000001657;2.1911233244464867e-011;
0.09380000000000166;2.0422595906066654e-011;
0.093900000000001663;2.0889283358638266e-011;
0.094000000000001666;1.9018465621800651e-011;
0.094100000000001668;1.7690095915900983e-011;
0.094200000000001671;2.0089725022431892e-011;
0.094300000000001674;1.9166742845633244e-011;
0.094400000000001677;1.8660342368526095e-011;
0.09450000000000168;1.8194352274791825e-011;
0.094600000000001683;1.8807223139960527e-011;
0.094700000000001686;1.6986814732611322e-011;
0.094800000000001688;1.7312699884808325e-011;
0.094900000000001691;1.901030374784618e-011;
0.095000000000001694;1.5451254858911412e-011;
0.095100000000001697;1.835494777002733e-011;
0.0952000000000017;1.7709389510400797e-011;
0.095300000000001703;1.6386786025335276e-011;
0.095400000000001706;2.0768733954845686e-011;
0.095500000000001709;1.7643990435356471e-011;
0.095600000000001711;1.8924346464888053e-011;
0.095700000000001714;2.0991526225588863e-011;
0.095800000000001717;1.6784353421006593e-011;
0.09590000000000172;2.1530293173310788e-011;
0.096000000000001723;1.7477951377853351e-011;
0.096100000000001726;1.6651601972283991e-011;
0.096200000000001729;1.9779981472178854e-011;
0.096300000000001731;1.6302688365943396e-011;
0.096400000000001734;2.124356593413701e-011;
0.096500000000001737;1.9552371874342889e-011;
0.09660000000000174;1.7976240287986833e-011;
0.096700000000001743;2.3792089826057961e-011;
0.096800000000001746;2.1612590189734604e-011;
0.096900000000001749;1.5238992359667414e-011;
0.097000000000001751;1.9102233683732095e-011;
0.097100000000001754;1.6863054355664708e-011;
0.097200000000001757;1.4254083156861608e-011;
0.09730000000000176;1.6639628910852799e-011;
0.097400000000001763;1.9463253925211532e-011;
0.097500000000001766;1.5010995918496306e-011;
0.097600000000001769;1.721057671377757e-011;
0.097700000000001772;2.0512385193183214e-011;
0.097800000000001774;1.8910621332746125e-011;
0.097900000000001777;1.7439629601545548e-011;
0.09800000000000178;1.7115430600567194e-011;
0.098100000000001783;1.6471544614371503e-011;
0.098200000000001786;1.743809784071626e-011;
0.098300000000001789;1.9123241185026174e-011;
0.098400000000001792;1.8800860174250644e-011;
0.098500000000001794;1.9323822056382944e-011;
0.098600000000001797;1.6159615312538733e-011;
0.0987000000000018;1.3774103385655323e-011;
0.098800000000001803;1.7875279381684983e-011;
0.098900000000001806;2.0064408468023487e-011;
0.099000000000001809;1.702463864328152e-011;
0.099100000000001812;1.7749551828316612e-011;
0.099200000000001815;2.2605627439387099e-011;
0.099300000000001817;1.6947677636269809e-011;
0.09940000000000182;1.7340033922619291e-011;
0.099500000000001823;1.8776053628544176e-011;
0.099600000000001826;1.6806304611871603e-011;
0.099700000000001829;1.5935348526840976e-011;
0.099800000000001832;1.3309703165986786e-011;
0.099900000000001835;1.9213670585105369e-011;
0.10000000000000184;2.0642529352521422e-011;
